
[1] "The taxa modelled are:"
 [1] "Ash"            "Beech"          "Birch"          "Chestnut"       "Elm"            "Hemlock"        "Hickory"       
 [8] "Maple"          "Oak"            "Other conifer"  "Other hardwood" "Pine"           "Poplar"         "Spruce"        
[15] "Tamarack"      

[1] "Summary of posterior parameter vals:"
                    mean          2.5%         50%        97.5%      n_eff      Rhat
phi[1]       46.23222380  36.861942500  46.3320000  56.78000250  446.42765 1.0061311
phi[2]       27.86283490  23.586877500  27.8868500  32.20006500  211.99499 1.0233301
phi[3]      156.28188300 135.250625000 156.2970000 177.80572500  199.47292 1.0203679
phi[4]       31.84110140  24.694970000  31.8111000  41.12262250  122.67969 1.0024236
phi[5]       98.73489310  77.892800000  98.9553500 119.50395000 1000.00000 1.0036852
phi[6]       65.92355500  56.927682500  65.8165000  75.55555500  220.62955 1.0089514
phi[7]       34.31091860  27.787797500  34.1840000  41.55307000  410.14405 1.0052908
phi[8]       17.07428440  14.024515000  17.1236000  20.48091000  267.37638 1.0270563
phi[9]       38.26658550  33.275815000  38.5027000  43.30826500  295.91550 1.0253031
phi[10]      16.46922843  11.493205000  16.3450000  22.03163000  419.45291 1.0006082
phi[11]      74.34584490  62.202667500  74.7105500  87.34135000  299.66335 1.0078720
phi[12]      69.23310780  59.205260000  69.3558000  79.06277750   73.11097 1.0282150
phi[13]      19.21653895  12.686475000  19.0229000  27.39935750  332.68765 0.9994969
phi[14]      28.39226740  23.590565000  28.3876000  34.05995750  162.11907 1.0002539
phi[15]      50.28255910  29.232537500  48.5187000  77.25749750  142.54055 1.0166952
gamma[1]      0.09016200   0.011811305   0.0821076   0.20617720   96.02827 1.0167512
gamma[2]      0.16545042   0.053521960   0.1592825   0.32883970   39.59789 1.0468488
gamma[3]      0.22458038   0.097301973   0.2168120   0.35952830  116.72638 1.0024738
gamma[4]      0.13946592   0.019050992   0.1342775   0.28299500  188.16696 1.0092264
gamma[5]      0.08649506   0.016169845   0.0779998   0.19224095  270.89748 1.0171319
gamma[6]      0.17237025   0.075849550   0.1634245   0.31648675   33.23806 1.0567749
gamma[7]      0.05060092   0.011030210   0.0465580   0.11237905  519.61645 1.0014471
gamma[8]      0.12428145   0.020158495   0.1137325   0.28287700  248.99743 0.9996858
gamma[9]      0.10002123   0.019442457   0.0970367   0.19226300  132.17756 1.0042092
gamma[10]     0.15657397   0.035950255   0.1386480   0.40563725  683.96620 0.9994503
gamma[11]     0.19308522   0.079619255   0.1885850   0.34488707  557.41204 0.9996326
gamma[12]     0.05271964   0.014756945   0.0514116   0.09724982  408.54718 1.0069409
gamma[13]     0.07535406   0.007613388   0.0655138   0.19476220  165.92207 0.9990728
gamma[14]     0.08027451   0.015100373   0.0752840   0.17531795   94.95990 1.0061089
gamma[15]     0.13467720   0.017738463   0.1274800   0.31742995  490.26269 1.0040705
mu_gamma     -1.86033628  -1.992402500  -1.9055500  -1.50431975  626.02153 1.0059038
sigma_gamma   0.96571047   0.399780975   0.9036035   2.00443000  227.78016 1.0002290
log_a[1]     -0.36941341  -1.071914500  -0.2884320  -0.03156734   76.34704 1.0172781
log_a[2]     -0.36868551  -1.068654500  -0.2927370  -0.02068333   73.74366 1.0096568
log_a[3]     -0.39034952  -1.129044500  -0.3122275  -0.03584333   72.77741 1.0142552
log_a[4]     -0.39806393  -1.201623750  -0.2941245  -0.03542247   84.16206 1.0093100
log_a[5]     -0.38109870  -1.112129750  -0.2969265  -0.04337704   68.51611 1.0087012
log_a[6]     -0.37599601  -1.099391750  -0.2915360  -0.04178537   71.63883 1.0047226
log_a[7]     -0.39660742  -1.136901000  -0.3176465  -0.03812196   75.73626 1.0148168
log_a[8]     -0.38791629  -1.152942250  -0.3022785  -0.03683164   81.66346 1.0071122
log_a[9]     -0.41605283  -1.298252000  -0.3278340  -0.03795782   93.65682 1.0139411
log_a[10]    -0.39264422  -1.152543250  -0.3009360  -0.04031827   79.99209 1.0047318
log_a[11]    -0.39267441  -1.171368750  -0.3067125  -0.04184673   80.29218 1.0144907
log_a[12]    -0.36952886  -1.020994750  -0.3030800  -0.03945114   69.69120 1.0095838
log_a[13]    -0.40863164  -1.236246000  -0.3177210  -0.04107610   83.55488 1.0059859
log_a[14]    -0.42181403  -1.355236250  -0.3119275  -0.03850556   87.59652 1.0082960
log_a[15]    -0.40510363  -1.244034750  -0.3055060  -0.04126927   78.30042 1.0157223
b             2.44107327   2.011438250   2.2460400   3.78244875  412.83371 1.0030652
mu_a         -0.39299275  -1.039596500  -0.3341400  -0.05167725   59.21778 1.0125710
sigma_a       0.13522229   0.007400700   0.0880739   0.52954682   51.98414 1.0154039

[1] "WAIC:"
$waic
[1] 7297.027

$p_waic
[1] 36.66306

$lppd
[1] -3611.851

$p_waic_1
[1] 34.83566

[1] "AIC:"
[1] 7323.701

[1] "Log likelihood"
$log_lik
     log_lik
1  -38.07959
2  -47.64825
3  -34.41964
4  -55.76366
5  -43.19633
6  -59.37691
7  -45.67711
8  -51.96942
9  -45.09952
10 -38.72495
11 -54.77666
12 -48.31767
13 -46.90373
14 -44.11803
15 -56.17027
16 -55.95950
17 -49.95756
18 -38.92279
19 -42.37910
20 -56.69563
21 -36.65847
22 -69.35829
23 -61.19573
24 -48.56479
25 -44.23117
26 -36.69590
27 -39.24949
28 -49.10964
29 -40.37422
30 -40.92287
31 -45.59359
32 -36.93885
33 -33.31034
34 -43.59105
35 -49.17918
36 -39.11476
37 -47.33741
38 -38.88349
39 -37.71451
40 -31.42497
41 -46.18550
42 -38.22590
43 -38.91202
44 -48.97823
45 -60.76551
46 -37.96698
47 -38.54484
48 -34.29192
49 -43.71507
50 -43.27149
51 -61.76399
52 -53.92967
53 -52.35534
54 -58.34416
55 -48.96743
56 -52.55082
57 -38.15324
58 -32.09465
59 -49.89593
60 -40.80304
61 -45.52080
62 -35.03692
63 -39.59174
64 -43.99363
65 -40.68891
66 -37.54837
67 -53.90610
68 -58.53055
69 -46.62353
70 -29.30752
71 -44.36704
72 -59.27176
73 -49.71019
74 -35.15397
75 -57.97139
76 -41.55215
77 -47.40064
78 -52.13331
79 -50.22132

$log_lik_iter
     log_lik_iter
1       -3626.431
2       -3626.808
3       -3628.952
4       -3630.891
5       -3628.788
6       -3632.584
7       -3635.915
8       -3639.424
9       -3626.063
10      -3623.755
11      -3625.890
12      -3634.401
13      -3631.331
14      -3631.413
15      -3627.481
16      -3632.498
17      -3629.185
18      -3626.023
19      -3630.800
20      -3630.689
21      -3629.084
22      -3629.669
23      -3630.678
24      -3628.050
25      -3634.905
26      -3630.290
27      -3635.568
28      -3626.811
29      -3625.564
30      -3622.695
31      -3629.766
32      -3626.986
33      -3629.412
34      -3622.866
35      -3630.542
36      -3640.205
37      -3634.013
38      -3629.590
39      -3625.576
40      -3629.187
41      -3625.138
42      -3634.870
43      -3630.549
44      -3623.894
45      -3632.192
46      -3625.356
47      -3635.977
48      -3629.054
49      -3634.852
50      -3630.549
51      -3629.829
52      -3628.190
53      -3643.438
54      -3630.759
55      -3629.296
56      -3621.803
57      -3638.779
58      -3629.204
59      -3625.244
60      -3631.367
61      -3624.726
62      -3630.818
63      -3633.832
64      -3626.675
65      -3627.217
66      -3631.416
67      -3625.074
68      -3622.617
69      -3631.381
70      -3632.303
71      -3625.552
72      -3628.418
73      -3629.177
74      -3624.889
75      -3623.259
76      -3622.124
77      -3622.761
78      -3628.773
79      -3627.305
80      -3629.829
81      -3623.032
82      -3628.470
83      -3630.767
84      -3629.726
85      -3628.020
86      -3627.288
87      -3630.501
88      -3635.884
89      -3630.077
90      -3624.273
91      -3625.617
92      -3626.698
93      -3629.976
94      -3633.414
95      -3629.707
96      -3628.338
97      -3624.293
98      -3628.786
99      -3625.677
100     -3629.850
101     -3627.499
102     -3633.170
103     -3628.604
104     -3628.825
105     -3638.149
106     -3627.370
107     -3630.150
108     -3631.036
109     -3629.570
110     -3626.552
111     -3633.249
112     -3628.946
113     -3629.364
114     -3626.657
115     -3632.719
116     -3626.954
117     -3629.958
118     -3625.814
119     -3633.040
120     -3622.286
121     -3633.735
122     -3627.276
123     -3628.654
124     -3636.078
125     -3622.729
126     -3631.852
127     -3631.905
128     -3631.461
129     -3631.093
130     -3625.358
131     -3628.323
132     -3626.542
133     -3630.542
134     -3627.363
135     -3632.584
136     -3636.538
137     -3628.284
138     -3636.620
139     -3626.954
140     -3624.129
141     -3624.258
142     -3631.405
143     -3626.532
144     -3631.426
145     -3629.588
146     -3622.438
147     -3624.538
148     -3634.565
149     -3637.452
150     -3631.533
151     -3632.952
152     -3624.057
153     -3625.983
154     -3628.838
155     -3633.688
156     -3621.957
157     -3633.216
158     -3626.607
159     -3627.997
160     -3626.001
161     -3629.361
162     -3633.949
163     -3629.193
164     -3623.783
165     -3628.557
166     -3630.299
167     -3629.326
168     -3622.118
169     -3629.880
170     -3626.698
171     -3626.802
172     -3625.792
173     -3622.675
174     -3628.773
175     -3628.046
176     -3629.681
177     -3635.803
178     -3626.044
179     -3635.782
180     -3635.335
181     -3633.760
182     -3627.081
183     -3627.790
184     -3626.390
185     -3630.553
186     -3624.805
187     -3630.869
188     -3634.683
189     -3627.564
190     -3622.065
191     -3628.763
192     -3630.135
193     -3627.523
194     -3628.788
195     -3626.206
196     -3628.535
197     -3626.762
198     -3625.143
199     -3627.665
200     -3622.245
201     -3627.455
202     -3629.566
203     -3630.320
204     -3626.124
205     -3635.008
206     -3630.954
207     -3628.103
208     -3633.130
209     -3627.739
210     -3626.551
211     -3630.204
212     -3634.871
213     -3628.003
214     -3625.275
215     -3631.004
216     -3625.766
217     -3630.430
218     -3625.632
219     -3630.617
220     -3627.157
221     -3626.675
222     -3629.814
223     -3632.905
224     -3630.883
225     -3626.055
226     -3629.947
227     -3626.954
228     -3628.055
229     -3624.379
230     -3629.757
231     -3632.218
232     -3632.102
233     -3629.318
234     -3627.805
235     -3637.256
236     -3629.668
237     -3623.159
238     -3626.814
239     -3631.984
240     -3628.507
241     -3626.839
242     -3628.658
243     -3631.007
244     -3625.733
245     -3633.364
246     -3626.038
247     -3629.266
248     -3629.554
249     -3638.452
250     -3629.359
251     -3628.286
252     -3624.872
253     -3629.541
254     -3623.447
255     -3627.707
256     -3629.461
257     -3627.610
258     -3632.543
259     -3632.141
260     -3634.061
261     -3628.934
262     -3635.848
263     -3623.338
264     -3633.762
265     -3638.593
266     -3620.819
267     -3624.633
268     -3628.454
269     -3635.213
270     -3626.522
271     -3637.205
272     -3622.625
273     -3628.292
274     -3628.139
275     -3626.806
276     -3627.898
277     -3625.602
278     -3627.586
279     -3626.827
280     -3624.583
281     -3629.889
282     -3626.954
283     -3626.402
284     -3636.641
285     -3625.122
286     -3627.686
287     -3630.212
288     -3627.822
289     -3629.857
290     -3631.477
291     -3630.766
292     -3623.387
293     -3626.072
294     -3625.883
295     -3632.305
296     -3632.870
297     -3628.813
298     -3632.010
299     -3629.590
300     -3631.416
301     -3627.843
302     -3628.744
303     -3630.051
304     -3629.804
305     -3623.840
306     -3631.916
307     -3631.250
308     -3633.253
309     -3627.047
310     -3626.407
311     -3631.052
312     -3632.700
313     -3631.652
314     -3632.062
315     -3629.163
316     -3629.592
317     -3634.995
318     -3631.277
319     -3624.796
320     -3630.561
321     -3630.150
322     -3628.517
323     -3634.642
324     -3625.696
325     -3631.012
326     -3629.124
327     -3640.410
328     -3626.820
329     -3624.268
330     -3628.562
331     -3625.842
332     -3629.800
333     -3632.635
334     -3631.966
335     -3627.858
336     -3625.301
337     -3631.215
338     -3632.533
339     -3628.557
340     -3627.008
341     -3626.077
342     -3626.572
343     -3629.601
344     -3626.286
345     -3624.839
346     -3624.534
347     -3628.788
348     -3630.550
349     -3629.359
350     -3628.524
351     -3632.035
352     -3627.636
353     -3630.555
354     -3631.929
355     -3630.202
356     -3629.960
357     -3625.617
358     -3627.996
359     -3627.966
360     -3629.311
361     -3626.202
362     -3628.557
363     -3627.400
364     -3631.394
365     -3635.750
366     -3628.450
367     -3626.698
368     -3627.432
369     -3624.730
370     -3624.881
371     -3631.761
372     -3629.707
373     -3625.796
374     -3625.782
375     -3629.590
376     -3624.401
377     -3629.511
378     -3635.087
379     -3628.613
380     -3624.973
381     -3625.561
382     -3634.592
383     -3632.136
384     -3629.299
385     -3622.421
386     -3630.901
387     -3628.809
388     -3623.189
389     -3629.803
390     -3636.226
391     -3629.219
392     -3624.037
393     -3619.598
394     -3630.018
395     -3631.487
396     -3636.327
397     -3627.046
398     -3629.299
399     -3631.167
400     -3634.987
401     -3631.583
402     -3630.428
403     -3623.012
404     -3630.248
405     -3629.454
406     -3625.081
407     -3633.258
408     -3634.323
409     -3636.745
410     -3628.808
411     -3622.181
412     -3624.881
413     -3629.619
414     -3629.920
415     -3627.008
416     -3625.260
417     -3624.420
418     -3630.735
419     -3632.539
420     -3625.554
421     -3625.883
422     -3629.716
423     -3634.250
424     -3624.379
425     -3629.546
426     -3625.375
427     -3625.732
428     -3621.428
429     -3630.142
430     -3633.488
431     -3626.770
432     -3629.077
433     -3630.436
434     -3626.993
435     -3626.417
436     -3626.449
437     -3625.940
438     -3634.771
439     -3630.127
440     -3628.357
441     -3626.954
442     -3629.396
443     -3631.022
444     -3628.979
445     -3629.249
446     -3628.204
447     -3630.311
448     -3626.903
449     -3628.733
450     -3629.531
451     -3632.212
452     -3628.575
453     -3627.175
454     -3625.312
455     -3628.249
456     -3632.964
457     -3624.691
458     -3630.051
459     -3631.909
460     -3630.488
461     -3619.920
462     -3631.138
463     -3629.092
464     -3632.854
465     -3629.576
466     -3629.780
467     -3626.724
468     -3624.800
469     -3633.842
470     -3624.679
471     -3631.620
472     -3633.350
473     -3630.184
474     -3627.590
475     -3628.382
476     -3632.260
477     -3629.299
478     -3630.661
479     -3627.227
480     -3633.566
481     -3625.684
482     -3628.019
483     -3635.115
484     -3626.717
485     -3627.213
486     -3627.786
487     -3634.590
488     -3631.840
489     -3643.170
490     -3629.220
491     -3626.650
492     -3628.852
493     -3626.973
494     -3628.965
495     -3625.156
496     -3630.014
497     -3633.797
498     -3633.660
499     -3625.357
500     -3628.206
501     -3628.785
502     -3622.789
503     -3627.079
504     -3623.369
505     -3632.568
506     -3633.073
507     -3625.371
508     -3628.595
509     -3626.234
510     -3625.463
511     -3633.476
512     -3628.262
513     -3632.438
514     -3625.260
515     -3630.146
516     -3633.173
517     -3629.839
518     -3626.698
519     -3631.416
520     -3627.195
521     -3625.404
522     -3631.533
523     -3625.956
524     -3642.227
525     -3628.099
526     -3630.576
527     -3623.992
528     -3636.632
529     -3624.034
530     -3630.487
531     -3633.812
532     -3630.118
533     -3625.895
534     -3626.954
535     -3629.467
536     -3633.300
537     -3641.028
538     -3626.434
539     -3628.114
540     -3636.890
541     -3632.039
542     -3627.869
543     -3633.831
544     -3632.083
545     -3624.420
546     -3625.617
547     -3630.227
548     -3622.630
549     -3631.494
550     -3630.655
551     -3630.851
552     -3631.474
553     -3635.278
554     -3626.542
555     -3631.416
556     -3632.843
557     -3630.755
558     -3625.055
559     -3631.846
560     -3625.372
561     -3630.187
562     -3634.620
563     -3625.949
564     -3623.032
565     -3632.007
566     -3627.566
567     -3629.368
568     -3626.306
569     -3629.841
570     -3636.955
571     -3624.379
572     -3626.281
573     -3629.164
574     -3628.288
575     -3626.934
576     -3633.905
577     -3624.827
578     -3638.554
579     -3635.285
580     -3629.186
581     -3629.124
582     -3628.928
583     -3631.390
584     -3630.173
585     -3624.192
586     -3627.825
587     -3629.417
588     -3633.185
589     -3630.442
590     -3632.218
591     -3626.952
592     -3629.526
593     -3630.217
594     -3628.810
595     -3632.987
596     -3622.166
597     -3638.917
598     -3628.034
599     -3631.128
600     -3627.444
601     -3629.305
602     -3640.219
603     -3630.427
604     -3621.655
605     -3630.416
606     -3623.858
607     -3638.744
608     -3626.076
609     -3625.862
610     -3630.850
611     -3637.228
612     -3621.893
613     -3624.841
614     -3635.336
615     -3630.549
616     -3626.552
617     -3624.379
618     -3626.615
619     -3636.433
620     -3629.689
621     -3627.111
622     -3624.442
623     -3632.885
624     -3641.980
625     -3629.863
626     -3624.881
627     -3625.278
628     -3630.704
629     -3639.056
630     -3631.812
631     -3633.841
632     -3635.216
633     -3631.932
634     -3633.245
635     -3630.744
636     -3628.595
637     -3621.928
638     -3635.308
639     -3627.203
640     -3624.479
641     -3626.564
642     -3627.009
643     -3626.954
644     -3627.402
645     -3626.735
646     -3628.742
647     -3633.959
648     -3627.728
649     -3630.479
650     -3627.659
651     -3630.549
652     -3628.055
653     -3635.247
654     -3626.175
655     -3631.533
656     -3630.348
657     -3626.698
658     -3629.659
659     -3630.603
660     -3629.985
661     -3627.266
662     -3628.081
663     -3625.842
664     -3623.927
665     -3636.441
666     -3626.768
667     -3630.436
668     -3635.106
669     -3635.278
670     -3626.085
671     -3628.595
672     -3625.002
673     -3629.334
674     -3633.236
675     -3631.360
676     -3629.397
677     -3626.590
678     -3633.179
679     -3625.663
680     -3635.928
681     -3629.049
682     -3632.157
683     -3626.350
684     -3629.414
685     -3626.750
686     -3635.255
687     -3638.756
688     -3634.713
689     -3631.684
690     -3629.616
691     -3634.882
692     -3623.349
693     -3629.372
694     -3627.053
695     -3621.328
696     -3624.760
697     -3625.190
698     -3642.952
699     -3632.685
700     -3625.397
701     -3627.940
702     -3623.240
703     -3621.865
704     -3629.622
705     -3630.486
706     -3630.005
707     -3623.305
708     -3628.773
709     -3628.738
710     -3631.392
711     -3623.218
712     -3633.259
713     -3630.648
714     -3633.698
715     -3627.324
716     -3622.652
717     -3629.710
718     -3630.952
719     -3625.127
720     -3636.804
721     -3627.720
722     -3629.358
723     -3623.107
724     -3634.704
725     -3636.576
726     -3628.055
727     -3626.226
728     -3638.936
729     -3626.969
730     -3628.371
731     -3632.107
732     -3627.085
733     -3622.805
734     -3626.954
735     -3625.487
736     -3626.074
737     -3631.935
738     -3632.192
739     -3631.896
740     -3632.949
741     -3628.358
742     -3630.461
743     -3629.426
744     -3629.616
745     -3629.616
746     -3631.389
747     -3625.000
748     -3633.287
749     -3629.827
750     -3630.334
751     -3625.117
752     -3629.503
753     -3630.135
754     -3627.494
755     -3629.048
756     -3626.935
757     -3624.314
758     -3625.983
759     -3623.472
760     -3635.042
761     -3626.711
762     -3626.529
763     -3623.975
764     -3627.597
765     -3626.705
766     -3625.186
767     -3626.140
768     -3629.272
769     -3629.811
770     -3624.505
771     -3631.935
772     -3627.656
773     -3631.533
774     -3627.270
775     -3624.182
776     -3627.371
777     -3631.989
778     -3633.680
779     -3626.365
780     -3628.035
781     -3625.851
782     -3628.216
783     -3625.002
784     -3625.792
785     -3626.662
786     -3629.299
787     -3626.757
788     -3636.544
789     -3628.430
790     -3628.353
791     -3628.671
792     -3632.974
793     -3628.703
794     -3629.829
795     -3624.379
796     -3624.278
797     -3628.054
798     -3631.860
799     -3625.644
800     -3631.853
801     -3631.870
802     -3629.707
803     -3628.747
804     -3623.934
805     -3627.764
806     -3621.490
807     -3628.079
808     -3635.640
809     -3627.523
810     -3631.683
811     -3624.679
812     -3632.776
813     -3630.135
814     -3627.602
815     -3632.142
816     -3621.926
817     -3632.538
818     -3628.595
819     -3627.493
820     -3644.458
821     -3627.888
822     -3626.503
823     -3635.639
824     -3633.123
825     -3631.514
826     -3630.109
827     -3631.817
828     -3631.599
829     -3635.266
830     -3628.595
831     -3624.779
832     -3628.521
833     -3630.952
834     -3625.814
835     -3625.617
836     -3631.148
837     -3627.476
838     -3637.992
839     -3629.145
840     -3635.718
841     -3629.726
842     -3629.649
843     -3633.550
844     -3630.290
845     -3626.028
846     -3630.135
847     -3631.203
848     -3632.584
849     -3626.954
850     -3633.295
851     -3625.006
852     -3631.136
853     -3628.823
854     -3633.476
855     -3632.390
856     -3632.079
857     -3627.027
858     -3632.222
859     -3627.886
860     -3631.924
861     -3628.864
862     -3634.013
863     -3635.782
864     -3628.743
865     -3623.400
866     -3633.839
867     -3627.223
868     -3636.330
869     -3628.936
870     -3628.970
871     -3629.332
872     -3627.725
873     -3628.153
874     -3630.642
875     -3626.698
876     -3630.966
877     -3633.789
878     -3629.039
879     -3627.952
880     -3631.515
881     -3634.970
882     -3628.026
883     -3629.249
884     -3627.802
885     -3624.335
886     -3628.226
887     -3631.154
888     -3627.114
889     -3631.723
890     -3625.617
891     -3622.172
892     -3626.954
893     -3626.161
894     -3626.484
895     -3638.046
896     -3626.544
897     -3629.081
898     -3622.376
899     -3632.115
900     -3623.743
901     -3629.707
902     -3626.733
903     -3629.438
904     -3628.361
905     -3625.526
906     -3633.721
907     -3625.923
908     -3628.990
909     -3631.071
910     -3625.798
911     -3629.836
912     -3642.199
913     -3626.698
914     -3632.626
915     -3624.789
916     -3628.595
917     -3629.982
918     -3630.824
919     -3626.476
920     -3632.576
921     -3638.593
922     -3630.003
923     -3621.070
924     -3633.059
925     -3625.081
926     -3625.140
927     -3630.879
928     -3624.779
929     -3629.454
930     -3622.820
931     -3626.830
932     -3630.051
933     -3632.247
934     -3628.364
935     -3628.526
936     -3638.090
937     -3629.973
938     -3626.645
939     -3630.818
940     -3631.120
941     -3625.442
942     -3629.339
943     -3629.599
944     -3624.420
945     -3624.477
946     -3632.066
947     -3628.120
948     -3626.120
949     -3626.899
950     -3630.943
951     -3626.407
952     -3628.131
953     -3627.750
954     -3636.447
955     -3630.662
956     -3645.912
957     -3626.698
958     -3632.332
959     -3631.416
960     -3629.230
961     -3627.568
962     -3635.012
963     -3624.379
964     -3628.595
965     -3629.724
966     -3631.840
967     -3630.735
968     -3630.231
969     -3627.021
970     -3629.199
971     -3629.258
972     -3630.496
973     -3632.103
974     -3630.316
975     -3623.016
976     -3628.700
977     -3631.177
978     -3632.066
979     -3628.807
980     -3627.285
981     -3630.177
982     -3630.875
983     -3627.776
984     -3631.017
985     -3627.502
986     -3632.293
987     -3628.364
988     -3627.662
989     -3624.894
990     -3625.635
991     -3632.227
992     -3632.420
993     -3632.533
994     -3634.671
995     -3637.328
996     -3627.208
997     -3635.770
998     -3627.656
999     -3631.072
1000    -3629.992

$sum_log_lik
[1] -3611.851

