
[1] "The taxa modelled are:"
 [1] "Ash"            "Beech"          "Birch"          "Chestnut"       "Elm"            "Hemlock"        "Hickory"       
 [8] "Maple"          "Oak"            "Other conifer"  "Other hardwood" "Pine"           "Poplar"         "Spruce"        
[15] "Tamarack"      

[1] "Summary of posterior parameter vals:"
                    mean         2.5%          50%        97.5%      n_eff      Rhat
phi[1]       57.51296430  44.77269000  57.27465000  72.24835500 1000.00000 0.9990378
phi[2]       29.09954950  24.45187750  28.97855000  34.02573250  339.28948 0.9994946
phi[3]      181.60150900 155.39290000 180.98700000 212.31435000  235.63883 1.0002051
phi[4]       36.23519690  27.63016500  35.86045000  46.02879500  583.39707 0.9990668
phi[5]      116.18900280  91.47496750 116.10850000 140.96327500 1000.00000 0.9992001
phi[6]       66.73398980  57.29426500  66.73450000  77.92320250  281.48497 0.9995508
phi[7]       50.22789680  39.72412500  49.93245000  61.28488250  644.51224 0.9997202
phi[8]       19.48683980  15.77256250  19.31770000  23.83718750 1000.00000 0.9990992
phi[9]       53.11056780  44.84238000  52.97915000  61.58353500  266.29901 0.9999264
phi[10]      16.51162322  11.08500000  16.35995000  23.43223250 1000.00000 0.9992733
phi[11]      85.55575580  70.03293000  85.59670000 101.94140000  528.41639 0.9991058
phi[12]     101.76819420  85.69995500 101.15750000 121.44817500  349.93981 0.9990013
phi[13]      25.71620060  16.16666500  25.28810000  37.80500500 1000.00000 1.0040275
phi[14]      27.74669900  22.98070750  27.48800000  33.76744250 1000.00000 0.9993849
phi[15]      64.18332120  34.76038250  63.53645000  99.69467000 1000.00000 0.9998105
gamma[1]      0.09446019   0.01809689   0.08719630   0.20662780 1000.00000 1.0032443
gamma[2]      0.19090389   0.08428394   0.18629600   0.31745945 1000.00000 0.9990139
gamma[3]      0.14494378   0.06098846   0.14069800   0.25200367 1000.00000 0.9991281
gamma[4]      0.23397869   0.09738469   0.23109600   0.38968008  396.70403 1.0004751
gamma[5]      0.11238987   0.02966378   0.10776900   0.21781607 1000.00000 0.9997513
gamma[6]      0.28596769   0.13815365   0.29042200   0.40954388  111.86222 0.9991220
gamma[7]      0.05827115   0.01283537   0.05499655   0.12360535 1000.00000 1.0003583
gamma[8]      0.11559494   0.02416918   0.11048150   0.23475293 1000.00000 0.9993652
gamma[9]      0.24671176   0.12970250   0.24935350   0.34387542  160.09208 0.9991880
gamma[10]     0.16017257   0.04215857   0.14789900   0.34487107 1000.00000 1.0018736
gamma[11]     0.16854396   0.06879528   0.16162550   0.30322085  533.16578 1.0001951
gamma[12]     0.08962802   0.04659345   0.08942680   0.13740532  962.41499 1.0007957
gamma[13]     0.08134420   0.01460067   0.07432085   0.19668222 1000.00000 1.0082787
gamma[14]     0.14268098   0.04094180   0.13725550   0.27297320  654.59271 1.0015123
gamma[15]     0.12223768   0.02120892   0.11250450   0.27633595 1000.00000 1.0001926
mu_gamma     -1.77731758  -1.98715000  -1.80714000  -1.35120050  508.76399 1.0010612
sigma_gamma   0.82694731   0.37310453   0.77809050   1.61170150  194.12325 1.0075355
log_a[1]     -0.71944820  -2.23660575  -0.57372400  -0.05167827  164.07619 0.9992743
log_a[2]     -0.69644264  -1.87490625  -0.58085250  -0.07389800  149.40610 0.9992044
log_a[3]     -0.49867165  -1.41604050  -0.42517400  -0.03663632  299.88315 0.9990186
log_a[4]     -1.03962801  -3.43888850  -0.73003750  -0.08226007   72.20343 0.9990011
log_a[5]     -0.71075975  -2.04062300  -0.58179950  -0.06021845  121.86048 1.0055393
log_a[6]     -1.20212876  -3.35259400  -0.92123150  -0.08141002   63.36737 0.9990023
log_a[7]     -0.73936872  -2.04271225  -0.61045300  -0.07233305  136.69820 0.9991815
log_a[8]     -0.68040663  -2.03742050  -0.54252000  -0.04855437  185.76307 0.9991499
log_a[9]     -1.36770867  -4.19180925  -1.08300000  -0.06149183   59.13380 0.9990011
log_a[10]    -0.66830100  -1.97162450  -0.56792050  -0.05419972  206.41234 0.9990015
log_a[11]    -0.55869980  -1.63886575  -0.45885150  -0.03843847  222.95733 0.9998726
log_a[12]    -0.61416762  -1.67880575  -0.52145550  -0.05260788  127.00156 1.0007369
log_a[13]    -0.92225261  -3.03992925  -0.67971150  -0.07232989  105.11701 0.9990520
log_a[14]    -0.72372180  -2.05596700  -0.58504150  -0.03986614  107.44847 0.9997333
log_a[15]    -0.90207934  -2.62786875  -0.72538250  -0.06447605   87.97380 0.9990205
b             2.37250972   2.00896600   2.25030000   3.43383450  296.64886 1.0010353
mu_a         -0.79798744  -1.76970175  -0.73894250  -0.11000398   62.84879 0.9990497
sigma_a       0.48485360   0.04050562   0.38541500   1.38169675   55.51290 1.0000329

[1] "WAIC:"
$waic
[1] 6793.05

$p_waic
[1] 40.16009

$lppd
[1] -3356.365

$p_waic_1
[1] 38.0233

[1] "AIC:"
[1] 6812.73

[1] "Log likelihood"
$log_lik
     log_lik
1  -37.00378
2  -42.29622
3  -33.07328
4  -51.02971
5  -41.99162
6  -44.07964
7  -43.18460
8  -50.17688
9  -41.54154
10 -39.83896
11 -55.34942
12 -42.58117
13 -43.43743
14 -40.69702
15 -47.06784
16 -52.90630
17 -45.31331
18 -35.80481
19 -43.60108
20 -43.38192
21 -35.63222
22 -49.66272
23 -50.03282
24 -44.96334
25 -43.77757
26 -36.84183
27 -34.79888
28 -43.95764
29 -40.33633
30 -35.43697
31 -46.36182
32 -34.39050
33 -31.05086
34 -38.95340
35 -50.55600
36 -40.27545
37 -43.63329
38 -37.61366
39 -38.44359
40 -31.66349
41 -42.54019
42 -39.34222
43 -40.01012
44 -48.73051
45 -54.68127
46 -36.85972
47 -38.78925
48 -34.44271
49 -38.47452
50 -43.58619
51 -52.58114
52 -49.22577
53 -50.89580
54 -50.49729
55 -50.39852
56 -43.24558
57 -38.34666
58 -32.15042
59 -43.96759
60 -40.64242
61 -47.12996
62 -34.71418
63 -40.66498
64 -45.23625
65 -40.77235
66 -36.35671
67 -45.61153
68 -44.30801
69 -46.07239
70 -28.01487
71 -45.14788
72 -58.26051
73 -46.37308
74 -34.19784
75 -43.86070
76 -41.63889
77 -36.99800
78 -43.76515
79 -45.09480

$log_lik_iter
     log_lik_iter
1       -3377.556
2       -3378.455
3       -3365.368
4       -3371.093
5       -3376.430
6       -3378.526
7       -3373.864
8       -3385.864
9       -3380.351
10      -3378.269
11      -3377.748
12      -3375.255
13      -3367.774
14      -3374.745
15      -3375.206
16      -3378.436
17      -3372.608
18      -3380.554
19      -3377.191
20      -3376.728
21      -3375.188
22      -3383.272
23      -3375.505
24      -3380.202
25      -3374.453
26      -3375.477
27      -3372.113
28      -3379.071
29      -3373.753
30      -3375.309
31      -3383.399
32      -3374.212
33      -3380.008
34      -3377.354
35      -3371.940
36      -3379.988
37      -3376.528
38      -3375.481
39      -3371.376
40      -3373.959
41      -3376.669
42      -3380.697
43      -3372.664
44      -3371.124
45      -3380.473
46      -3375.067
47      -3373.662
48      -3377.835
49      -3369.481
50      -3377.847
51      -3375.957
52      -3375.521
53      -3368.386
54      -3374.133
55      -3374.017
56      -3374.958
57      -3382.406
58      -3374.924
59      -3373.783
60      -3379.296
61      -3378.100
62      -3373.846
63      -3374.104
64      -3367.988
65      -3371.890
66      -3376.519
67      -3367.955
68      -3373.192
69      -3375.878
70      -3380.054
71      -3371.099
72      -3373.496
73      -3379.774
74      -3370.586
75      -3373.819
76      -3376.581
77      -3373.261
78      -3370.190
79      -3377.049
80      -3370.416
81      -3371.329
82      -3369.948
83      -3374.845
84      -3382.236
85      -3382.814
86      -3381.220
87      -3371.714
88      -3373.016
89      -3375.408
90      -3366.984
91      -3374.206
92      -3373.649
93      -3382.400
94      -3372.716
95      -3386.157
96      -3372.724
97      -3373.413
98      -3366.987
99      -3366.682
100     -3370.473
101     -3375.196
102     -3372.706
103     -3383.674
104     -3376.758
105     -3374.514
106     -3376.971
107     -3374.117
108     -3377.940
109     -3379.473
110     -3369.261
111     -3373.888
112     -3375.989
113     -3380.549
114     -3371.865
115     -3380.699
116     -3385.995
117     -3375.851
118     -3379.421
119     -3376.383
120     -3380.559
121     -3375.689
122     -3370.419
123     -3377.704
124     -3381.486
125     -3380.708
126     -3384.378
127     -3375.074
128     -3382.193
129     -3373.140
130     -3376.099
131     -3379.535
132     -3369.785
133     -3372.610
134     -3376.319
135     -3376.818
136     -3373.814
137     -3379.826
138     -3372.972
139     -3371.464
140     -3380.424
141     -3371.760
142     -3375.801
143     -3373.064
144     -3383.616
145     -3372.721
146     -3373.424
147     -3388.832
148     -3375.217
149     -3377.088
150     -3373.185
151     -3369.517
152     -3377.337
153     -3375.542
154     -3370.395
155     -3372.401
156     -3378.689
157     -3371.498
158     -3369.140
159     -3376.120
160     -3375.089
161     -3372.552
162     -3373.023
163     -3369.769
164     -3370.319
165     -3377.044
166     -3379.158
167     -3377.064
168     -3372.564
169     -3371.962
170     -3370.695
171     -3375.353
172     -3370.043
173     -3370.834
174     -3374.356
175     -3370.275
176     -3385.884
177     -3374.291
178     -3377.521
179     -3371.418
180     -3371.462
181     -3377.392
182     -3373.785
183     -3365.589
184     -3372.823
185     -3375.507
186     -3374.556
187     -3379.958
188     -3376.309
189     -3375.700
190     -3375.676
191     -3374.703
192     -3377.401
193     -3372.188
194     -3372.463
195     -3375.900
196     -3374.264
197     -3377.899
198     -3377.321
199     -3377.247
200     -3373.603
201     -3385.752
202     -3374.015
203     -3377.971
204     -3375.477
205     -3366.803
206     -3363.689
207     -3371.464
208     -3373.511
209     -3374.703
210     -3376.277
211     -3375.691
212     -3373.348
213     -3378.999
214     -3376.750
215     -3377.077
216     -3375.141
217     -3380.664
218     -3374.631
219     -3371.312
220     -3372.014
221     -3370.600
222     -3378.424
223     -3376.034
224     -3377.017
225     -3373.343
226     -3369.730
227     -3380.169
228     -3377.226
229     -3366.273
230     -3378.683
231     -3381.161
232     -3384.545
233     -3371.893
234     -3370.177
235     -3372.938
236     -3370.031
237     -3374.321
238     -3372.146
239     -3373.647
240     -3374.603
241     -3375.443
242     -3383.412
243     -3364.948
244     -3376.942
245     -3376.595
246     -3373.478
247     -3377.982
248     -3378.904
249     -3376.015
250     -3373.590
251     -3380.102
252     -3376.648
253     -3375.008
254     -3367.119
255     -3374.989
256     -3382.636
257     -3377.426
258     -3378.258
259     -3373.389
260     -3375.798
261     -3374.996
262     -3372.948
263     -3377.541
264     -3379.138
265     -3376.633
266     -3371.440
267     -3383.601
268     -3371.901
269     -3372.798
270     -3374.627
271     -3378.918
272     -3374.575
273     -3370.607
274     -3371.264
275     -3378.515
276     -3375.611
277     -3373.624
278     -3369.237
279     -3371.871
280     -3379.337
281     -3372.084
282     -3371.506
283     -3371.210
284     -3375.473
285     -3374.148
286     -3372.922
287     -3377.469
288     -3378.382
289     -3372.149
290     -3376.588
291     -3376.253
292     -3373.874
293     -3374.930
294     -3373.862
295     -3375.503
296     -3371.280
297     -3377.431
298     -3376.004
299     -3375.797
300     -3378.187
301     -3379.176
302     -3370.067
303     -3378.896
304     -3380.187
305     -3376.171
306     -3374.889
307     -3373.993
308     -3376.256
309     -3375.421
310     -3373.022
311     -3375.511
312     -3373.431
313     -3369.341
314     -3368.534
315     -3371.921
316     -3373.281
317     -3373.785
318     -3376.600
319     -3371.084
320     -3382.628
321     -3378.920
322     -3378.838
323     -3379.872
324     -3373.392
325     -3380.715
326     -3371.090
327     -3376.340
328     -3374.064
329     -3373.372
330     -3366.296
331     -3371.058
332     -3370.696
333     -3365.805
334     -3374.997
335     -3377.270
336     -3373.059
337     -3373.912
338     -3373.563
339     -3379.883
340     -3375.327
341     -3368.110
342     -3373.398
343     -3374.274
344     -3368.004
345     -3373.067
346     -3371.002
347     -3373.433
348     -3372.645
349     -3379.738
350     -3386.681
351     -3375.731
352     -3373.479
353     -3376.162
354     -3370.258
355     -3371.097
356     -3372.536
357     -3373.733
358     -3376.556
359     -3368.982
360     -3372.045
361     -3369.927
362     -3375.909
363     -3380.162
364     -3372.880
365     -3375.079
366     -3373.509
367     -3373.292
368     -3384.034
369     -3371.451
370     -3380.863
371     -3377.541
372     -3380.419
373     -3375.729
374     -3369.274
375     -3382.748
376     -3376.727
377     -3374.916
378     -3372.260
379     -3376.553
380     -3374.976
381     -3373.343
382     -3379.987
383     -3369.405
384     -3375.881
385     -3375.566
386     -3374.566
387     -3380.273
388     -3376.200
389     -3373.984
390     -3374.854
391     -3375.296
392     -3374.569
393     -3377.514
394     -3370.304
395     -3379.581
396     -3370.804
397     -3370.934
398     -3380.279
399     -3379.694
400     -3370.823
401     -3380.916
402     -3373.510
403     -3370.811
404     -3374.352
405     -3370.164
406     -3376.732
407     -3370.202
408     -3376.947
409     -3374.182
410     -3375.453
411     -3384.624
412     -3379.053
413     -3376.937
414     -3378.137
415     -3377.343
416     -3371.640
417     -3381.530
418     -3375.339
419     -3378.146
420     -3380.171
421     -3372.597
422     -3370.595
423     -3375.297
424     -3378.866
425     -3370.967
426     -3372.867
427     -3372.677
428     -3376.468
429     -3379.488
430     -3383.836
431     -3374.899
432     -3371.630
433     -3382.306
434     -3373.796
435     -3374.553
436     -3369.455
437     -3371.327
438     -3370.086
439     -3377.034
440     -3381.647
441     -3376.104
442     -3376.417
443     -3373.127
444     -3374.831
445     -3371.842
446     -3376.378
447     -3376.533
448     -3381.974
449     -3380.697
450     -3371.987
451     -3372.649
452     -3364.514
453     -3378.695
454     -3374.115
455     -3377.968
456     -3373.904
457     -3376.466
458     -3373.164
459     -3371.615
460     -3372.829
461     -3377.546
462     -3375.014
463     -3371.062
464     -3375.796
465     -3389.913
466     -3376.061
467     -3373.401
468     -3378.385
469     -3379.679
470     -3370.686
471     -3372.968
472     -3371.019
473     -3374.837
474     -3372.677
475     -3375.341
476     -3365.979
477     -3370.858
478     -3374.716
479     -3373.665
480     -3382.932
481     -3373.729
482     -3380.292
483     -3382.684
484     -3379.890
485     -3373.226
486     -3381.053
487     -3383.697
488     -3374.680
489     -3369.118
490     -3372.014
491     -3378.180
492     -3372.240
493     -3373.130
494     -3375.724
495     -3367.259
496     -3377.499
497     -3381.426
498     -3374.586
499     -3380.052
500     -3376.307
501     -3373.602
502     -3374.933
503     -3374.514
504     -3370.945
505     -3377.655
506     -3370.955
507     -3372.966
508     -3374.668
509     -3378.970
510     -3379.867
511     -3378.279
512     -3376.048
513     -3373.051
514     -3375.690
515     -3370.635
516     -3375.174
517     -3365.452
518     -3378.604
519     -3378.730
520     -3375.581
521     -3375.557
522     -3373.204
523     -3375.050
524     -3373.718
525     -3381.118
526     -3375.006
527     -3367.191
528     -3369.090
529     -3381.603
530     -3370.431
531     -3370.613
532     -3373.200
533     -3370.504
534     -3370.058
535     -3384.357
536     -3381.269
537     -3375.380
538     -3382.819
539     -3385.972
540     -3373.611
541     -3379.543
542     -3380.605
543     -3384.576
544     -3371.682
545     -3372.033
546     -3382.096
547     -3377.683
548     -3378.092
549     -3385.869
550     -3378.166
551     -3377.350
552     -3376.533
553     -3375.336
554     -3379.356
555     -3374.745
556     -3380.010
557     -3377.018
558     -3382.241
559     -3374.975
560     -3380.137
561     -3376.534
562     -3381.887
563     -3371.141
564     -3373.979
565     -3376.519
566     -3377.862
567     -3379.340
568     -3378.410
569     -3366.576
570     -3372.245
571     -3371.889
572     -3375.321
573     -3378.435
574     -3378.673
575     -3381.710
576     -3378.963
577     -3372.049
578     -3378.690
579     -3371.943
580     -3379.352
581     -3370.040
582     -3371.271
583     -3368.384
584     -3375.356
585     -3367.966
586     -3371.251
587     -3372.548
588     -3370.081
589     -3369.772
590     -3377.793
591     -3368.879
592     -3367.782
593     -3379.445
594     -3383.676
595     -3378.554
596     -3384.287
597     -3378.344
598     -3378.145
599     -3379.345
600     -3373.484
601     -3370.760
602     -3374.404
603     -3373.066
604     -3371.079
605     -3380.308
606     -3375.189
607     -3381.433
608     -3376.185
609     -3378.872
610     -3376.466
611     -3380.962
612     -3376.400
613     -3381.072
614     -3371.626
615     -3374.080
616     -3381.746
617     -3382.574
618     -3368.310
619     -3373.778
620     -3377.359
621     -3377.719
622     -3377.464
623     -3371.573
624     -3377.649
625     -3371.708
626     -3372.234
627     -3368.760
628     -3372.059
629     -3375.739
630     -3374.989
631     -3379.664
632     -3376.189
633     -3384.156
634     -3379.838
635     -3375.835
636     -3376.805
637     -3377.244
638     -3369.328
639     -3375.033
640     -3373.481
641     -3379.123
642     -3378.142
643     -3379.147
644     -3377.887
645     -3375.523
646     -3376.086
647     -3371.061
648     -3367.969
649     -3380.534
650     -3375.734
651     -3370.435
652     -3376.167
653     -3374.990
654     -3374.478
655     -3375.358
656     -3382.363
657     -3370.771
658     -3375.279
659     -3375.513
660     -3375.998
661     -3373.750
662     -3377.880
663     -3381.523
664     -3379.637
665     -3376.127
666     -3375.887
667     -3375.279
668     -3375.282
669     -3375.720
670     -3384.295
671     -3377.668
672     -3373.671
673     -3375.184
674     -3369.735
675     -3373.696
676     -3371.652
677     -3373.972
678     -3377.407
679     -3377.149
680     -3377.834
681     -3369.940
682     -3376.478
683     -3375.506
684     -3375.084
685     -3368.853
686     -3376.482
687     -3382.593
688     -3378.378
689     -3372.673
690     -3374.213
691     -3372.337
692     -3374.762
693     -3376.832
694     -3379.207
695     -3372.763
696     -3372.628
697     -3369.111
698     -3379.007
699     -3376.376
700     -3371.986
701     -3376.412
702     -3372.282
703     -3372.979
704     -3376.376
705     -3369.465
706     -3369.709
707     -3364.159
708     -3380.294
709     -3374.433
710     -3387.010
711     -3372.088
712     -3380.448
713     -3379.046
714     -3375.371
715     -3383.629
716     -3376.186
717     -3371.674
718     -3378.898
719     -3375.053
720     -3377.019
721     -3379.205
722     -3376.233
723     -3379.492
724     -3378.874
725     -3369.737
726     -3378.932
727     -3369.653
728     -3378.500
729     -3377.491
730     -3375.107
731     -3366.173
732     -3375.418
733     -3370.618
734     -3375.828
735     -3379.760
736     -3376.513
737     -3376.842
738     -3376.695
739     -3374.456
740     -3370.470
741     -3377.941
742     -3374.257
743     -3377.622
744     -3372.730
745     -3377.931
746     -3370.459
747     -3376.806
748     -3381.537
749     -3372.003
750     -3379.553
751     -3378.861
752     -3380.524
753     -3372.687
754     -3371.983
755     -3372.429
756     -3379.635
757     -3372.186
758     -3375.620
759     -3372.935
760     -3373.297
761     -3370.299
762     -3387.175
763     -3376.706
764     -3376.336
765     -3377.114
766     -3374.808
767     -3372.005
768     -3371.349
769     -3375.335
770     -3370.838
771     -3368.090
772     -3380.386
773     -3378.658
774     -3372.855
775     -3371.224
776     -3371.700
777     -3376.809
778     -3374.867
779     -3372.218
780     -3374.917
781     -3374.391
782     -3373.034
783     -3378.107
784     -3379.155
785     -3375.377
786     -3371.833
787     -3377.078
788     -3379.079
789     -3370.475
790     -3375.726
791     -3373.369
792     -3374.862
793     -3374.934
794     -3372.830
795     -3387.064
796     -3377.136
797     -3375.351
798     -3368.785
799     -3367.922
800     -3374.187
801     -3373.146
802     -3372.681
803     -3385.206
804     -3375.751
805     -3376.519
806     -3376.691
807     -3376.008
808     -3376.150
809     -3377.798
810     -3374.460
811     -3374.805
812     -3374.294
813     -3368.961
814     -3382.379
815     -3368.042
816     -3377.514
817     -3375.237
818     -3376.040
819     -3376.045
820     -3372.742
821     -3383.275
822     -3371.818
823     -3377.416
824     -3370.755
825     -3371.484
826     -3375.292
827     -3373.505
828     -3380.220
829     -3379.252
830     -3373.978
831     -3373.817
832     -3376.123
833     -3372.803
834     -3366.909
835     -3384.964
836     -3377.037
837     -3371.810
838     -3379.019
839     -3380.136
840     -3369.412
841     -3381.025
842     -3367.790
843     -3378.628
844     -3374.596
845     -3373.355
846     -3380.477
847     -3378.117
848     -3379.402
849     -3370.863
850     -3377.746
851     -3376.305
852     -3376.861
853     -3373.822
854     -3381.148
855     -3379.336
856     -3375.456
857     -3376.506
858     -3379.542
859     -3375.830
860     -3377.794
861     -3381.060
862     -3374.855
863     -3377.593
864     -3372.066
865     -3371.146
866     -3374.505
867     -3372.403
868     -3368.936
869     -3372.037
870     -3373.564
871     -3377.905
872     -3375.825
873     -3373.229
874     -3379.268
875     -3376.457
876     -3390.243
877     -3377.671
878     -3379.319
879     -3376.320
880     -3370.088
881     -3373.443
882     -3378.050
883     -3375.086
884     -3379.884
885     -3374.685
886     -3377.950
887     -3371.005
888     -3376.702
889     -3370.876
890     -3373.434
891     -3375.907
892     -3374.587
893     -3378.783
894     -3368.044
895     -3371.083
896     -3375.491
897     -3376.140
898     -3376.015
899     -3378.799
900     -3362.682
901     -3371.682
902     -3385.954
903     -3376.921
904     -3376.484
905     -3370.384
906     -3372.488
907     -3365.324
908     -3382.682
909     -3377.683
910     -3371.398
911     -3374.243
912     -3373.796
913     -3368.599
914     -3370.166
915     -3376.910
916     -3371.890
917     -3377.057
918     -3375.693
919     -3382.129
920     -3376.968
921     -3384.076
922     -3375.403
923     -3371.349
924     -3370.519
925     -3379.237
926     -3381.808
927     -3374.406
928     -3379.733
929     -3379.936
930     -3370.810
931     -3377.922
932     -3374.885
933     -3367.837
934     -3383.788
935     -3371.848
936     -3376.870
937     -3369.860
938     -3378.994
939     -3381.457
940     -3380.118
941     -3383.402
942     -3375.387
943     -3376.118
944     -3376.880
945     -3382.043
946     -3372.962
947     -3376.992
948     -3370.731
949     -3371.610
950     -3379.403
951     -3374.680
952     -3378.671
953     -3382.401
954     -3377.986
955     -3377.921
956     -3367.791
957     -3370.685
958     -3372.909
959     -3377.921
960     -3372.581
961     -3380.460
962     -3373.734
963     -3371.906
964     -3372.286
965     -3374.253
966     -3372.829
967     -3381.614
968     -3366.015
969     -3379.322
970     -3375.532
971     -3376.486
972     -3374.209
973     -3385.252
974     -3369.570
975     -3371.309
976     -3380.043
977     -3369.195
978     -3374.295
979     -3377.995
980     -3375.537
981     -3377.718
982     -3368.830
983     -3372.394
984     -3375.183
985     -3371.587
986     -3379.645
987     -3374.701
988     -3374.442
989     -3373.457
990     -3372.060
991     -3376.984
992     -3376.170
993     -3376.395
994     -3371.779
995     -3376.765
996     -3374.519
997     -3375.002
998     -3377.829
999     -3376.519
1000    -3375.474

$sum_log_lik
[1] -3356.365

