
[1] "The taxa modelled are:"
 [1] "Ash"            "Beech"          "Birch"          "Chestnut"       "Elm"            "Hemlock"        "Hickory"       
 [8] "Maple"          "Oak"            "Other conifer"  "Other hardwood" "Pine"           "Poplar"         "Spruce"        
[15] "Tamarack"      

[1] "Summary of posterior parameter vals:"
                    mean          2.5%          50%        97.5%      n_eff      Rhat
phi[1]       50.87736690  40.647875000  50.61135000  62.55208750  571.05807 0.9999021
phi[2]       27.88599900  23.296075000  27.83470000  32.84977500  305.93538 0.9997826
phi[3]      168.57923000 144.964275000 167.76450000 196.33272500  311.01641 1.0003056
phi[4]       33.31674500  25.798687500  33.13435000  41.57854000  608.40664 0.9990688
phi[5]      103.73362990  81.496755000 103.16350000 127.19827500  410.25191 0.9996194
phi[6]       64.28939360  55.068010000  64.20150000  74.18699750  251.33592 0.9991785
phi[7]       39.68567470  32.145727500  39.47715000  48.24099750  574.13677 1.0001054
phi[8]       18.06627990  14.611080000  17.95425000  21.96332000  417.57888 0.9995294
phi[9]       44.87499400  38.309327500  44.66170000  51.48757250  292.35880 1.0013366
phi[10]      17.18773952  11.641887500  17.02435000  23.25463000  791.62837 1.0000565
phi[11]      74.43040110  60.746800000  74.36840000  88.72141000  429.25825 1.0016561
phi[12]      84.13233370  71.485147500  83.83865000  98.63466750  270.51104 1.0017716
phi[13]      22.68024970  14.901947500  22.10660000  32.89706500  672.11270 0.9994301
phi[14]      30.05622260  24.279927500  29.95145000  36.62436250  617.19031 0.9996545
phi[15]      69.07561380  38.058477500  66.68970000 110.60952500  660.50796 0.9991005
gamma[1]      0.08289317   0.007301113   0.07495075   0.21686645  514.58083 0.9999132
gamma[2]      0.16883291   0.045860645   0.16686650   0.31335235 1000.00000 1.0012550
gamma[3]      0.15618485   0.040132335   0.15285400   0.28014122 1000.00000 0.9990108
gamma[4]      0.18978561   0.060938640   0.18170650   0.36194022  557.45986 1.0060037
gamma[5]      0.09675783   0.011950632   0.09085865   0.22190930  643.50092 0.9993456
gamma[6]      0.29205341   0.162060575   0.29403600   0.41458665  595.69554 0.9990350
gamma[7]      0.05070161   0.005391527   0.04801535   0.11921507  253.90581 0.9990432
gamma[8]      0.10863537   0.013225235   0.09530320   0.24854610  330.67131 1.0008691
gamma[9]      0.17021891   0.077161810   0.16940900   0.26352980  425.40198 1.0030121
gamma[10]     0.13768267   0.017672148   0.12837150   0.31043253  662.17767 0.9994249
gamma[11]     0.22982627   0.099849145   0.22344650   0.40599290  555.11236 0.9992782
gamma[12]     0.06581331   0.017989108   0.06531055   0.11655755  255.85374 1.0014549
gamma[13]     0.07316575   0.008605477   0.06467125   0.18590840  496.19506 0.9992731
gamma[14]     0.09050702   0.021294078   0.08572855   0.19256427  355.91933 0.9991232
gamma[15]     0.10599869   0.011137193   0.09353110   0.25237207 1000.00000 0.9990207
mu_gamma     -1.81513700  -1.990147750  -1.85423500  -1.39019275  534.26167 0.9990159
sigma_gamma   0.99618455   0.427753825   0.87813300   2.24974775  100.55084 0.9991666
log_a[1]     -0.63501740  -1.711630500  -0.55425600  -0.05539750  170.00172 1.0161970
log_a[2]     -0.59114356  -1.503486000  -0.51310850  -0.07152838  216.67560 1.0155211
log_a[3]     -0.54704890  -1.306568250  -0.48705150  -0.07537505  190.58913 1.0094638
log_a[4]     -0.72466034  -2.228980750  -0.60021100  -0.06225199  164.76503 1.0138036
log_a[5]     -0.67400403  -1.852488750  -0.57149850  -0.08916903  204.92050 1.0162517
log_a[6]     -0.77867418  -2.369249250  -0.61448050  -0.07316887  146.32451 1.0110994
log_a[7]     -0.67793096  -2.035916500  -0.54653700  -0.08342988  191.28497 1.0169401
log_a[8]     -0.66497108  -1.775038000  -0.55298950  -0.07971924  213.52270 1.0017548
log_a[9]     -0.93305131  -3.516479500  -0.66393900  -0.09784030  105.87690 1.0155473
log_a[10]    -0.62941993  -1.775180000  -0.53629400  -0.09316560  232.63924 1.0085019
log_a[11]    -0.66498159  -1.780828250  -0.55734750  -0.06285159  177.67968 1.0077556
log_a[12]    -0.60038206  -1.533291250  -0.52524950  -0.07721788  207.07235 1.0153855
log_a[13]    -0.76397665  -2.317605750  -0.61527750  -0.08045791  165.10348 1.0049447
log_a[14]    -0.83109258  -2.694851000  -0.62824650  -0.10044792  132.45789 1.0132378
log_a[15]    -0.70148054  -2.064685000  -0.56986900  -0.09273450  182.15168 1.0024212
b             2.49297502   2.007582250   2.31307500   3.94429925  698.96731 1.0076283
mu_a         -0.69446869  -1.709629750  -0.59225400  -0.14706518  120.58119 1.0177699
sigma_a       0.31410571   0.039139673   0.21545150   1.06951075   97.59749 1.0120518

[1] "WAIC:"
$waic
[1] 7004.12

$p_waic
[1] 38.75175

$lppd
[1] -3463.308

$p_waic_1
[1] 37.04272

[1] "AIC:"
[1] 7026.616

[1] "Log likelihood"
$log_lik
     log_lik
1  -38.05305
2  -44.64400
3  -34.63406
4  -52.01994
5  -41.11166
6  -50.18173
7  -46.79817
8  -50.78419
9  -42.29480
10 -39.33846
11 -55.63275
12 -44.11654
13 -43.77430
14 -42.74556
15 -48.79973
16 -55.03248
17 -47.22780
18 -36.86786
19 -43.04184
20 -47.15112
21 -36.00495
22 -57.40565
23 -55.91178
24 -46.22359
25 -44.64373
26 -36.79262
27 -35.83018
28 -46.94660
29 -40.69824
30 -36.87335
31 -47.66486
32 -34.70577
33 -31.76929
34 -40.41956
35 -50.84669
36 -40.15632
37 -43.87262
38 -39.51600
39 -38.00094
40 -31.03475
41 -42.52059
42 -41.04480
43 -39.99062
44 -47.84152
45 -56.08916
46 -37.80682
47 -38.74722
48 -34.25740
49 -39.91146
50 -43.53135
51 -56.39111
52 -49.84943
53 -51.79760
54 -55.16674
55 -51.07087
56 -48.93720
57 -38.75519
58 -32.40153
59 -47.47207
60 -40.83551
61 -47.21004
62 -34.64020
63 -40.15848
64 -44.26200
65 -40.85470
66 -36.41629
67 -48.17569
68 -49.38838
69 -45.87959
70 -29.03589
71 -44.65243
72 -59.17286
73 -47.78154
74 -35.35521
75 -48.86153
76 -41.74203
77 -40.98992
78 -47.22040
79 -47.52521

$log_lik_iter
     log_lik_iter
1       -3480.870
2       -3484.353
3       -3476.335
4       -3481.255
5       -3480.793
6       -3480.378
7       -3483.856
8       -3485.839
9       -3476.476
10      -3477.766
11      -3478.638
12      -3481.904
13      -3489.194
14      -3475.934
15      -3478.257
16      -3472.885
17      -3477.343
18      -3482.885
19      -3478.497
20      -3482.317
21      -3480.253
22      -3479.974
23      -3480.664
24      -3479.951
25      -3476.654
26      -3479.312
27      -3478.906
28      -3477.807
29      -3483.249
30      -3484.617
31      -3485.069
32      -3481.152
33      -3479.771
34      -3480.665
35      -3478.770
36      -3476.231
37      -3482.897
38      -3482.505
39      -3486.459
40      -3481.612
41      -3480.022
42      -3482.092
43      -3481.435
44      -3484.026
45      -3481.365
46      -3482.160
47      -3481.905
48      -3483.151
49      -3479.877
50      -3475.600
51      -3486.034
52      -3475.010
53      -3489.501
54      -3480.051
55      -3478.136
56      -3482.660
57      -3482.905
58      -3481.161
59      -3480.477
60      -3484.743
61      -3489.583
62      -3479.212
63      -3482.768
64      -3475.725
65      -3480.315
66      -3478.806
67      -3479.203
68      -3482.133
69      -3478.220
70      -3479.704
71      -3476.539
72      -3484.680
73      -3484.709
74      -3483.541
75      -3480.489
76      -3482.229
77      -3485.065
78      -3476.642
79      -3487.940
80      -3480.535
81      -3480.283
82      -3478.018
83      -3480.354
84      -3481.672
85      -3479.985
86      -3482.095
87      -3485.939
88      -3479.786
89      -3486.288
90      -3480.698
91      -3488.770
92      -3485.012
93      -3480.273
94      -3479.055
95      -3483.012
96      -3485.820
97      -3487.553
98      -3477.387
99      -3479.977
100     -3481.971
101     -3480.193
102     -3486.868
103     -3480.766
104     -3484.957
105     -3485.002
106     -3488.161
107     -3477.164
108     -3478.700
109     -3478.862
110     -3475.732
111     -3482.297
112     -3473.747
113     -3484.439
114     -3481.154
115     -3477.802
116     -3478.637
117     -3479.766
118     -3485.224
119     -3477.366
120     -3482.077
121     -3479.292
122     -3490.639
123     -3478.591
124     -3481.398
125     -3484.140
126     -3475.755
127     -3483.471
128     -3485.394
129     -3481.109
130     -3476.758
131     -3479.818
132     -3477.074
133     -3484.041
134     -3487.791
135     -3481.656
136     -3480.811
137     -3477.782
138     -3481.688
139     -3478.384
140     -3484.188
141     -3486.843
142     -3479.149
143     -3479.859
144     -3489.472
145     -3478.980
146     -3476.894
147     -3477.251
148     -3476.427
149     -3477.072
150     -3485.828
151     -3487.449
152     -3478.952
153     -3479.045
154     -3481.300
155     -3479.057
156     -3483.857
157     -3481.866
158     -3481.026
159     -3477.096
160     -3482.382
161     -3481.816
162     -3478.989
163     -3483.185
164     -3475.822
165     -3483.649
166     -3478.503
167     -3483.231
168     -3487.123
169     -3482.061
170     -3478.763
171     -3481.340
172     -3487.681
173     -3478.996
174     -3479.941
175     -3481.873
176     -3491.556
177     -3479.719
178     -3475.915
179     -3478.795
180     -3480.036
181     -3484.327
182     -3473.719
183     -3486.254
184     -3483.597
185     -3480.761
186     -3478.256
187     -3480.715
188     -3484.771
189     -3479.206
190     -3486.051
191     -3483.624
192     -3485.735
193     -3490.825
194     -3474.259
195     -3476.013
196     -3480.639
197     -3476.146
198     -3485.177
199     -3481.427
200     -3487.130
201     -3483.663
202     -3482.412
203     -3482.684
204     -3478.763
205     -3478.675
206     -3486.703
207     -3478.523
208     -3484.002
209     -3478.991
210     -3479.327
211     -3481.291
212     -3479.981
213     -3474.827
214     -3478.532
215     -3475.238
216     -3483.405
217     -3481.192
218     -3476.466
219     -3489.151
220     -3482.181
221     -3487.478
222     -3483.365
223     -3480.901
224     -3480.254
225     -3478.540
226     -3483.663
227     -3482.666
228     -3476.126
229     -3474.102
230     -3480.711
231     -3481.612
232     -3481.263
233     -3483.812
234     -3483.972
235     -3485.125
236     -3485.217
237     -3491.107
238     -3480.212
239     -3483.364
240     -3479.608
241     -3479.642
242     -3474.562
243     -3481.123
244     -3476.325
245     -3477.414
246     -3482.129
247     -3491.805
248     -3483.748
249     -3480.910
250     -3491.118
251     -3481.120
252     -3479.882
253     -3478.242
254     -3487.005
255     -3487.080
256     -3483.345
257     -3485.969
258     -3484.474
259     -3479.726
260     -3480.910
261     -3484.663
262     -3483.513
263     -3490.196
264     -3475.795
265     -3486.749
266     -3476.040
267     -3483.199
268     -3481.325
269     -3482.834
270     -3483.784
271     -3478.843
272     -3479.765
273     -3488.423
274     -3480.699
275     -3479.289
276     -3485.063
277     -3476.960
278     -3480.045
279     -3483.355
280     -3483.906
281     -3475.468
282     -3484.644
283     -3483.759
284     -3475.814
285     -3486.530
286     -3486.025
287     -3484.200
288     -3481.266
289     -3481.230
290     -3480.901
291     -3482.715
292     -3481.918
293     -3476.135
294     -3482.202
295     -3474.058
296     -3481.394
297     -3488.428
298     -3480.081
299     -3482.678
300     -3484.153
301     -3478.219
302     -3481.066
303     -3485.592
304     -3479.256
305     -3484.147
306     -3480.837
307     -3480.414
308     -3484.007
309     -3478.805
310     -3495.493
311     -3478.795
312     -3484.356
313     -3486.809
314     -3477.639
315     -3480.910
316     -3481.921
317     -3483.631
318     -3481.594
319     -3481.432
320     -3476.192
321     -3483.699
322     -3480.157
323     -3481.244
324     -3493.626
325     -3475.659
326     -3480.284
327     -3481.887
328     -3482.773
329     -3479.151
330     -3481.355
331     -3479.399
332     -3476.463
333     -3480.248
334     -3484.396
335     -3484.997
336     -3481.332
337     -3484.999
338     -3476.487
339     -3482.782
340     -3480.284
341     -3479.576
342     -3478.985
343     -3473.262
344     -3477.613
345     -3480.621
346     -3478.678
347     -3482.492
348     -3482.533
349     -3478.893
350     -3485.878
351     -3486.419
352     -3478.799
353     -3478.566
354     -3478.146
355     -3479.062
356     -3488.548
357     -3485.916
358     -3481.459
359     -3480.012
360     -3481.903
361     -3483.629
362     -3478.405
363     -3490.001
364     -3484.796
365     -3482.486
366     -3485.740
367     -3482.559
368     -3477.834
369     -3484.318
370     -3482.648
371     -3485.369
372     -3487.834
373     -3479.459
374     -3482.641
375     -3485.039
376     -3483.125
377     -3478.044
378     -3477.826
379     -3479.236
380     -3487.627
381     -3484.138
382     -3475.784
383     -3493.999
384     -3485.278
385     -3487.650
386     -3481.988
387     -3479.300
388     -3479.235
389     -3481.931
390     -3479.900
391     -3484.971
392     -3489.058
393     -3476.322
394     -3482.524
395     -3476.675
396     -3479.227
397     -3488.189
398     -3477.896
399     -3485.430
400     -3483.745
401     -3477.011
402     -3481.573
403     -3478.523
404     -3484.831
405     -3490.042
406     -3482.957
407     -3477.122
408     -3483.650
409     -3478.973
410     -3478.915
411     -3485.126
412     -3485.835
413     -3481.675
414     -3479.097
415     -3480.509
416     -3476.267
417     -3486.962
418     -3484.303
419     -3483.018
420     -3483.290
421     -3481.095
422     -3484.128
423     -3485.354
424     -3482.727
425     -3481.243
426     -3481.963
427     -3476.536
428     -3487.360
429     -3475.162
430     -3478.008
431     -3482.315
432     -3478.858
433     -3484.146
434     -3483.273
435     -3474.971
436     -3480.743
437     -3480.394
438     -3479.215
439     -3480.363
440     -3477.868
441     -3480.813
442     -3481.454
443     -3488.421
444     -3485.741
445     -3485.320
446     -3484.073
447     -3477.970
448     -3477.848
449     -3481.082
450     -3480.828
451     -3483.269
452     -3478.215
453     -3481.952
454     -3484.593
455     -3483.404
456     -3488.015
457     -3481.653
458     -3485.700
459     -3485.647
460     -3484.989
461     -3480.978
462     -3483.410
463     -3478.287
464     -3480.280
465     -3481.963
466     -3484.138
467     -3482.906
468     -3485.319
469     -3483.111
470     -3478.412
471     -3487.493
472     -3485.922
473     -3484.799
474     -3482.287
475     -3482.392
476     -3480.984
477     -3486.382
478     -3482.537
479     -3478.916
480     -3485.973
481     -3476.307
482     -3484.110
483     -3480.410
484     -3485.205
485     -3482.237
486     -3484.775
487     -3477.545
488     -3483.625
489     -3485.348
490     -3483.631
491     -3481.184
492     -3488.155
493     -3485.793
494     -3485.718
495     -3480.733
496     -3476.451
497     -3478.413
498     -3479.981
499     -3475.536
500     -3480.408
501     -3482.681
502     -3481.081
503     -3483.204
504     -3476.755
505     -3481.294
506     -3487.059
507     -3479.793
508     -3488.181
509     -3482.202
510     -3478.218
511     -3486.693
512     -3475.969
513     -3477.622
514     -3480.043
515     -3480.462
516     -3479.436
517     -3480.956
518     -3475.012
519     -3475.093
520     -3481.723
521     -3483.344
522     -3484.075
523     -3480.249
524     -3477.314
525     -3481.610
526     -3475.427
527     -3487.727
528     -3488.394
529     -3477.941
530     -3482.738
531     -3489.058
532     -3475.361
533     -3486.435
534     -3488.466
535     -3479.968
536     -3477.558
537     -3477.022
538     -3479.978
539     -3479.788
540     -3486.219
541     -3483.872
542     -3482.817
543     -3482.532
544     -3489.061
545     -3481.137
546     -3481.100
547     -3479.285
548     -3480.333
549     -3480.805
550     -3485.635
551     -3486.008
552     -3485.964
553     -3479.640
554     -3481.052
555     -3480.350
556     -3484.031
557     -3482.673
558     -3482.861
559     -3481.612
560     -3479.950
561     -3489.074
562     -3479.316
563     -3479.316
564     -3487.763
565     -3480.604
566     -3486.463
567     -3482.686
568     -3477.800
569     -3486.701
570     -3483.657
571     -3481.169
572     -3489.279
573     -3476.955
574     -3478.741
575     -3475.805
576     -3478.177
577     -3479.899
578     -3488.935
579     -3483.597
580     -3490.704
581     -3492.841
582     -3481.672
583     -3481.366
584     -3481.337
585     -3478.092
586     -3481.041
587     -3474.058
588     -3478.865
589     -3479.859
590     -3483.919
591     -3483.324
592     -3483.267
593     -3488.339
594     -3478.198
595     -3481.643
596     -3482.433
597     -3478.368
598     -3485.162
599     -3482.861
600     -3489.369
601     -3479.662
602     -3478.976
603     -3477.938
604     -3480.818
605     -3485.734
606     -3481.276
607     -3476.456
608     -3476.854
609     -3477.099
610     -3476.120
611     -3485.382
612     -3480.800
613     -3482.632
614     -3476.207
615     -3474.835
616     -3488.357
617     -3484.730
618     -3478.188
619     -3475.891
620     -3481.880
621     -3481.461
622     -3480.269
623     -3482.032
624     -3478.934
625     -3484.695
626     -3487.961
627     -3487.502
628     -3482.631
629     -3477.455
630     -3489.088
631     -3485.699
632     -3476.070
633     -3476.360
634     -3484.661
635     -3481.738
636     -3481.066
637     -3482.874
638     -3474.974
639     -3476.605
640     -3482.092
641     -3483.053
642     -3478.766
643     -3479.138
644     -3489.840
645     -3478.365
646     -3478.043
647     -3483.130
648     -3472.893
649     -3488.861
650     -3484.311
651     -3486.924
652     -3479.240
653     -3481.587
654     -3474.091
655     -3478.808
656     -3477.975
657     -3481.122
658     -3483.637
659     -3484.611
660     -3480.550
661     -3483.043
662     -3481.329
663     -3477.811
664     -3484.550
665     -3482.570
666     -3481.985
667     -3477.903
668     -3484.428
669     -3481.963
670     -3478.793
671     -3477.332
672     -3480.430
673     -3483.780
674     -3480.848
675     -3489.732
676     -3487.965
677     -3477.924
678     -3480.152
679     -3478.728
680     -3484.658
681     -3478.605
682     -3484.523
683     -3480.755
684     -3480.753
685     -3482.323
686     -3474.957
687     -3475.648
688     -3480.881
689     -3490.376
690     -3491.596
691     -3483.141
692     -3480.894
693     -3477.961
694     -3490.339
695     -3480.014
696     -3480.500
697     -3477.985
698     -3485.561
699     -3480.930
700     -3482.263
701     -3476.955
702     -3483.029
703     -3485.430
704     -3482.427
705     -3478.442
706     -3482.961
707     -3479.010
708     -3485.666
709     -3482.191
710     -3483.208
711     -3475.763
712     -3482.806
713     -3481.410
714     -3484.095
715     -3486.564
716     -3481.160
717     -3477.365
718     -3480.793
719     -3481.675
720     -3488.800
721     -3481.144
722     -3486.882
723     -3478.218
724     -3488.504
725     -3478.813
726     -3482.167
727     -3479.860
728     -3488.066
729     -3481.702
730     -3481.310
731     -3479.530
732     -3477.718
733     -3476.760
734     -3479.018
735     -3480.862
736     -3474.267
737     -3480.923
738     -3479.041
739     -3486.282
740     -3483.675
741     -3483.135
742     -3481.627
743     -3484.179
744     -3488.395
745     -3482.938
746     -3490.586
747     -3481.804
748     -3486.426
749     -3484.893
750     -3484.977
751     -3491.986
752     -3483.304
753     -3481.327
754     -3484.094
755     -3479.383
756     -3483.345
757     -3482.477
758     -3480.674
759     -3487.407
760     -3486.584
761     -3484.382
762     -3480.694
763     -3483.055
764     -3479.870
765     -3487.853
766     -3479.465
767     -3501.909
768     -3481.964
769     -3481.547
770     -3480.023
771     -3487.472
772     -3477.359
773     -3485.123
774     -3476.517
775     -3485.495
776     -3482.068
777     -3476.301
778     -3486.272
779     -3487.299
780     -3478.981
781     -3477.088
782     -3480.370
783     -3483.054
784     -3482.063
785     -3481.525
786     -3479.401
787     -3478.065
788     -3476.581
789     -3480.663
790     -3481.503
791     -3486.096
792     -3473.504
793     -3483.199
794     -3485.769
795     -3482.992
796     -3482.274
797     -3483.767
798     -3477.107
799     -3478.785
800     -3483.051
801     -3480.147
802     -3476.916
803     -3481.780
804     -3481.778
805     -3487.245
806     -3478.042
807     -3484.552
808     -3482.818
809     -3475.904
810     -3481.703
811     -3483.883
812     -3479.854
813     -3495.820
814     -3474.392
815     -3485.528
816     -3480.915
817     -3481.195
818     -3477.577
819     -3483.182
820     -3477.915
821     -3489.386
822     -3479.356
823     -3480.387
824     -3482.610
825     -3480.069
826     -3484.975
827     -3481.330
828     -3483.355
829     -3477.675
830     -3482.494
831     -3483.886
832     -3484.453
833     -3488.108
834     -3480.872
835     -3481.439
836     -3480.187
837     -3483.403
838     -3483.748
839     -3474.731
840     -3488.802
841     -3477.329
842     -3481.739
843     -3480.884
844     -3482.576
845     -3487.056
846     -3487.309
847     -3479.589
848     -3479.316
849     -3480.555
850     -3482.816
851     -3489.805
852     -3477.592
853     -3479.701
854     -3482.093
855     -3487.391
856     -3475.254
857     -3479.837
858     -3490.445
859     -3475.412
860     -3482.566
861     -3493.796
862     -3485.616
863     -3482.948
864     -3482.151
865     -3480.501
866     -3483.345
867     -3489.462
868     -3476.995
869     -3479.838
870     -3481.413
871     -3484.895
872     -3479.078
873     -3481.309
874     -3480.957
875     -3477.390
876     -3480.546
877     -3482.985
878     -3482.187
879     -3479.430
880     -3487.244
881     -3478.735
882     -3479.722
883     -3477.358
884     -3485.926
885     -3477.097
886     -3482.231
887     -3482.924
888     -3478.108
889     -3479.146
890     -3477.131
891     -3479.153
892     -3484.658
893     -3483.405
894     -3484.547
895     -3481.075
896     -3479.674
897     -3474.035
898     -3486.402
899     -3485.444
900     -3481.968
901     -3479.858
902     -3482.900
903     -3483.427
904     -3481.933
905     -3477.732
906     -3484.878
907     -3484.282
908     -3485.032
909     -3479.313
910     -3479.702
911     -3477.543
912     -3486.285
913     -3484.178
914     -3483.249
915     -3477.988
916     -3479.852
917     -3492.156
918     -3478.779
919     -3483.423
920     -3479.412
921     -3486.803
922     -3487.232
923     -3479.249
924     -3477.533
925     -3481.403
926     -3475.545
927     -3479.870
928     -3487.765
929     -3480.160
930     -3478.233
931     -3482.213
932     -3482.469
933     -3478.661
934     -3479.050
935     -3477.113
936     -3477.756
937     -3484.431
938     -3496.769
939     -3479.608
940     -3486.812
941     -3477.242
942     -3483.279
943     -3477.575
944     -3477.459
945     -3484.397
946     -3487.592
947     -3480.404
948     -3476.412
949     -3481.151
950     -3486.573
951     -3481.908
952     -3486.082
953     -3483.292
954     -3486.530
955     -3475.581
956     -3485.370
957     -3476.451
958     -3483.004
959     -3482.966
960     -3478.831
961     -3479.728
962     -3474.223
963     -3481.928
964     -3478.680
965     -3479.794
966     -3489.342
967     -3489.903
968     -3479.813
969     -3482.667
970     -3483.757
971     -3483.467
972     -3483.266
973     -3487.699
974     -3481.417
975     -3475.796
976     -3483.252
977     -3487.343
978     -3472.803
979     -3483.662
980     -3490.637
981     -3484.349
982     -3483.599
983     -3489.307
984     -3478.903
985     -3476.270
986     -3480.654
987     -3477.157
988     -3480.709
989     -3476.374
990     -3486.246
991     -3482.876
992     -3487.135
993     -3485.385
994     -3477.005
995     -3491.590
996     -3480.965
997     -3481.093
998     -3475.347
999     -3483.586
1000    -3485.251

$sum_log_lik
[1] -3463.308

