
[1] "The taxa modelled are:"
 [1] "Ash"            "Beech"          "Birch"          "Chestnut"       "Elm"            "Hemlock"        "Hickory"       
 [8] "Maple"          "Oak"            "Other conifer"  "Other hardwood" "Pine"           "Poplar"         "Spruce"        
[15] "Tamarack"      

[1] "Summary of posterior parameter vals:"
                    mean          2.5%          50%        97.5%      n_eff      Rhat
phi[1]       67.45381340  49.935435000  67.09155000  87.13389000  536.43797 1.0006045
phi[2]       33.09800290  27.630682500  33.03760000  39.23074500  498.25112 0.9991511
phi[3]      198.98141400 169.307950000 197.84250000 232.02442500  430.89892 0.9999170
phi[4]       40.51248680  30.906975000  40.19680000  51.92513000  559.79671 1.0061966
phi[5]      136.74659240 106.762000000 136.15300000 176.47420000  611.45532 1.0018011
phi[6]       72.17745990  61.648055000  72.20370000  84.36471000  457.58851 0.9991287
phi[7]       53.15814550  41.537332500  52.85600000  66.33356500 1000.00000 1.0013927
phi[8]       22.61371520  17.962942500  22.42540000  27.85268000  670.89191 0.9990126
phi[9]       53.38320310  42.526500000  53.43450000  63.54938750   61.32696 1.0209285
phi[10]      17.59277240  11.640580000  17.24615000  24.71068500  412.54777 0.9990001
phi[11]     113.48779280  93.980480000 112.90700000 136.07395000  556.45927 0.9996937
phi[12]     141.81674380 111.421650000 142.17400000 173.35272500  328.05000 1.0009158
phi[13]      28.02502510  16.602362500  27.16030000  43.65167250  524.92682 0.9990035
phi[14]      29.15638180  23.766275000  28.92915000  35.36391250  576.55336 0.9994228
phi[15]      62.00604330  33.573345000  60.24985000  99.74561500 1000.00000 0.9989995
gamma[1]      0.08464279   0.017231835   0.07926155   0.18336827  327.26822 1.0034434
gamma[2]      0.15367846   0.049216592   0.14639150   0.29748792  539.84313 1.0019445
gamma[3]      0.17486411   0.019565430   0.17655800   0.29375788   57.45103 1.0238302
gamma[4]      0.16383441   0.046391205   0.15791500   0.32888360  570.29303 1.0111108
gamma[5]      0.09615500   0.011654143   0.09196035   0.20369012  181.89156 1.0031980
gamma[6]      0.18079979   0.050843565   0.17827450   0.31100648  440.73950 0.9995879
gamma[7]      0.05444913   0.009549383   0.05100050   0.11562677  399.03432 1.0048277
gamma[8]      0.11890609   0.019960815   0.11235950   0.27001900  238.87530 1.0054637
gamma[9]      0.21791080   0.016140040   0.22901400   0.34083097   42.52943 1.0475946
gamma[10]     0.18506550   0.052039160   0.17325850   0.38252775  431.07843 1.0015535
gamma[11]     0.09053793   0.017378893   0.08649015   0.18822462  372.98920 0.9991857
gamma[12]     0.07004676   0.036079118   0.06982445   0.10951467  142.11776 1.0080006
gamma[13]     0.07062813   0.007610970   0.06454255   0.16794317  463.35904 1.0004231
gamma[14]     0.10826688   0.007456320   0.10432150   0.23570317  180.62450 1.0082780
gamma[15]     0.11854748   0.025385330   0.10873250   0.26791185  782.37748 1.0015705
mu_gamma     -1.84384637  -1.997532500  -1.88350500  -1.50552525  569.21682 1.0013228
sigma_gamma   0.90123780   0.350370900   0.80786200   2.06132900   42.75988 1.0012181
log_a[1]     -1.62667933  -3.099189250  -1.63858500  -0.16081508  541.53228 0.9992750
log_a[2]     -2.24371585  -3.475539250  -2.27401000  -0.91418853  490.63748 1.0077089
log_a[3]     -2.06178764  -3.280279250  -2.09118000  -0.65134115  106.28857 1.0185198
log_a[4]     -3.05911557  -4.824189750  -3.11716000  -1.15804050  474.13434 1.0010132
log_a[5]     -1.41980582  -3.051787500  -1.38830000  -0.09202274  487.41449 1.0009921
log_a[6]     -3.38201000  -4.675246500  -3.39410500  -2.08898325  393.35591 1.0010263
log_a[7]     -2.71923372  -4.140483250  -2.73989000  -1.34285150  475.02470 0.9990422
log_a[8]     -1.60790321  -3.315835750  -1.64639500  -0.04676584  105.90172 1.0039383
log_a[9]     -3.90098888  -5.569674750  -3.88239000  -2.28141500   81.69063 1.0210622
log_a[10]    -1.72116442  -3.656711250  -1.66437000  -0.23043700  306.47695 1.0036332
log_a[11]    -0.59335298  -1.665673250  -0.49849650  -0.02912773  665.94083 0.9998657
log_a[12]    -0.86460008  -2.067148000  -0.77619400  -0.04853860  562.56191 0.9993375
log_a[13]    -2.48117782  -4.443272000  -2.49920500  -0.38328983  266.28022 0.9995390
log_a[14]    -3.15110579  -4.447049250  -3.14901000  -1.74319475  436.12021 1.0058023
log_a[15]    -2.57351500  -4.547305750  -2.53847000  -0.70825683  531.08689 1.0008539
b             2.14511412   2.003729750   2.08275500   2.65760400  437.33108 0.9993624
mu_a         -2.22022730  -3.204824250  -2.19333500  -1.35041600  436.49856 0.9990069
sigma_a       1.24399990   0.636166300   1.21393000   2.01779350  201.46433 1.0051661

[1] "WAIC:"
$waic
[1] 6715.843

$p_waic
[1] 43.14959

$lppd
[1] -3314.772

$p_waic_1
[1] 40.59109

[1] "AIC:"
[1] 6729.544

[1] "Log likelihood"
$log_lik
     log_lik
1  -35.61173
2  -39.98389
3  -33.14323
4  -49.25424
5  -41.85383
6  -41.70378
7  -40.98565
8  -49.79279
9  -41.40343
10 -39.73257
11 -55.01963
12 -42.66563
13 -42.72752
14 -39.17465
15 -47.45888
16 -51.63738
17 -46.00225
18 -35.15190
19 -44.66880
20 -43.17018
21 -35.12026
22 -47.65325
23 -47.02689
24 -44.98926
25 -42.95178
26 -36.96068
27 -33.90368
28 -43.56470
29 -39.02307
30 -34.44866
31 -45.15186
32 -34.20085
33 -30.16549
34 -41.15370
35 -50.22969
36 -39.96109
37 -42.99957
38 -37.41957
39 -38.21929
40 -32.25224
41 -42.73942
42 -38.58383
43 -39.79376
44 -48.37219
45 -54.38024
46 -36.51480
47 -38.24164
48 -34.22275
49 -37.85631
50 -43.24421
51 -50.65054
52 -49.22301
53 -50.50597
54 -49.45575
55 -50.00683
56 -39.84774
57 -37.93902
58 -31.76659
59 -43.34005
60 -40.98366
61 -45.46761
62 -33.60630
63 -39.96905
64 -45.15648
65 -41.39746
66 -35.89977
67 -45.21928
68 -42.80427
69 -45.84757
70 -28.28856
71 -45.47981
72 -57.08130
73 -47.59048
74 -33.65454
75 -42.87215
76 -41.49447
77 -36.70563
78 -43.90252
79 -46.12877

$log_lik_iter
     log_lik_iter
1       -3334.699
2       -3328.423
3       -3332.432
4       -3330.730
5       -3336.506
6       -3335.450
7       -3338.557
8       -3327.214
9       -3336.550
10      -3341.325
11      -3333.350
12      -3337.071
13      -3336.488
14      -3330.818
15      -3333.173
16      -3335.414
17      -3335.750
18      -3334.732
19      -3333.402
20      -3340.074
21      -3333.191
22      -3333.146
23      -3339.546
24      -3334.217
25      -3330.378
26      -3329.085
27      -3336.126
28      -3328.833
29      -3345.144
30      -3330.765
31      -3341.205
32      -3333.259
33      -3334.028
34      -3333.066
35      -3347.961
36      -3336.580
37      -3337.475
38      -3335.071
39      -3337.000
40      -3327.939
41      -3340.021
42      -3338.540
43      -3327.521
44      -3336.125
45      -3338.124
46      -3331.994
47      -3334.189
48      -3325.998
49      -3339.769
50      -3334.784
51      -3330.827
52      -3339.432
53      -3337.631
54      -3335.546
55      -3333.297
56      -3332.122
57      -3333.658
58      -3331.171
59      -3329.309
60      -3332.312
61      -3329.953
62      -3333.646
63      -3335.197
64      -3340.285
65      -3328.454
66      -3327.148
67      -3338.114
68      -3336.172
69      -3330.337
70      -3328.738
71      -3333.366
72      -3332.443
73      -3331.509
74      -3337.423
75      -3333.120
76      -3333.035
77      -3338.845
78      -3333.271
79      -3331.631
80      -3334.384
81      -3332.536
82      -3336.228
83      -3345.579
84      -3337.278
85      -3330.694
86      -3338.745
87      -3344.382
88      -3332.892
89      -3331.812
90      -3331.365
91      -3340.744
92      -3337.332
93      -3336.831
94      -3326.372
95      -3341.389
96      -3341.787
97      -3332.634
98      -3331.954
99      -3334.593
100     -3330.257
101     -3335.741
102     -3336.261
103     -3332.208
104     -3334.648
105     -3336.684
106     -3330.642
107     -3334.594
108     -3334.090
109     -3329.741
110     -3337.789
111     -3331.922
112     -3340.618
113     -3325.826
114     -3341.537
115     -3330.947
116     -3336.849
117     -3346.120
118     -3332.446
119     -3341.631
120     -3344.294
121     -3337.928
122     -3340.211
123     -3335.860
124     -3325.605
125     -3340.759
126     -3333.532
127     -3332.546
128     -3329.297
129     -3335.602
130     -3335.814
131     -3339.385
132     -3337.791
133     -3347.635
134     -3336.557
135     -3337.471
136     -3332.966
137     -3330.846
138     -3341.215
139     -3335.021
140     -3330.262
141     -3338.089
142     -3328.107
143     -3334.938
144     -3334.465
145     -3330.556
146     -3332.666
147     -3334.818
148     -3331.006
149     -3332.731
150     -3338.676
151     -3336.484
152     -3333.421
153     -3334.741
154     -3329.659
155     -3337.418
156     -3337.827
157     -3337.640
158     -3339.322
159     -3335.430
160     -3340.968
161     -3337.666
162     -3330.699
163     -3333.082
164     -3340.102
165     -3333.404
166     -3335.833
167     -3340.537
168     -3334.696
169     -3337.832
170     -3322.750
171     -3338.862
172     -3330.890
173     -3335.140
174     -3350.458
175     -3332.680
176     -3334.963
177     -3330.364
178     -3333.447
179     -3332.536
180     -3339.846
181     -3329.546
182     -3339.830
183     -3330.902
184     -3337.567
185     -3334.347
186     -3331.186
187     -3337.196
188     -3336.380
189     -3329.737
190     -3333.763
191     -3336.119
192     -3339.344
193     -3324.408
194     -3337.460
195     -3334.996
196     -3327.246
197     -3341.310
198     -3334.535
199     -3343.160
200     -3333.917
201     -3348.213
202     -3335.465
203     -3328.651
204     -3342.799
205     -3339.335
206     -3326.217
207     -3335.371
208     -3335.187
209     -3339.889
210     -3336.191
211     -3327.397
212     -3333.571
213     -3343.119
214     -3335.097
215     -3339.452
216     -3331.577
217     -3331.293
218     -3333.181
219     -3328.179
220     -3336.001
221     -3334.056
222     -3337.317
223     -3334.882
224     -3338.928
225     -3336.606
226     -3330.529
227     -3336.118
228     -3336.200
229     -3335.767
230     -3340.612
231     -3334.385
232     -3333.017
233     -3333.791
234     -3337.489
235     -3335.765
236     -3333.363
237     -3342.157
238     -3333.932
239     -3333.747
240     -3344.164
241     -3329.216
242     -3332.978
243     -3336.449
244     -3328.224
245     -3343.226
246     -3334.753
247     -3334.465
248     -3339.911
249     -3326.106
250     -3337.097
251     -3329.264
252     -3336.511
253     -3329.949
254     -3330.939
255     -3331.677
256     -3331.027
257     -3346.567
258     -3335.210
259     -3329.551
260     -3328.609
261     -3332.539
262     -3330.784
263     -3339.337
264     -3347.651
265     -3331.723
266     -3332.815
267     -3338.811
268     -3326.865
269     -3335.752
270     -3331.976
271     -3334.076
272     -3335.094
273     -3338.388
274     -3336.708
275     -3339.597
276     -3332.786
277     -3333.235
278     -3335.476
279     -3333.232
280     -3332.106
281     -3334.814
282     -3336.261
283     -3329.495
284     -3336.319
285     -3336.550
286     -3333.036
287     -3343.029
288     -3336.748
289     -3345.611
290     -3333.299
291     -3323.943
292     -3337.101
293     -3331.287
294     -3343.367
295     -3337.165
296     -3333.049
297     -3334.139
298     -3334.213
299     -3338.158
300     -3326.190
301     -3331.636
302     -3344.625
303     -3332.806
304     -3332.536
305     -3336.067
306     -3335.490
307     -3330.285
308     -3332.561
309     -3332.282
310     -3331.340
311     -3340.888
312     -3330.359
313     -3325.138
314     -3332.489
315     -3340.029
316     -3334.830
317     -3337.365
318     -3344.121
319     -3339.457
320     -3340.735
321     -3337.110
322     -3331.791
323     -3332.408
324     -3337.998
325     -3340.534
326     -3335.111
327     -3333.025
328     -3343.602
329     -3336.938
330     -3333.559
331     -3336.152
332     -3333.927
333     -3333.245
334     -3331.950
335     -3333.105
336     -3340.999
337     -3343.281
338     -3335.951
339     -3329.377
340     -3341.232
341     -3320.327
342     -3328.412
343     -3327.865
344     -3341.297
345     -3337.468
346     -3331.669
347     -3335.874
348     -3334.142
349     -3329.288
350     -3338.535
351     -3339.262
352     -3338.425
353     -3334.041
354     -3329.325
355     -3337.587
356     -3334.652
357     -3333.734
358     -3338.315
359     -3333.225
360     -3328.911
361     -3346.732
362     -3339.227
363     -3333.941
364     -3334.237
365     -3343.883
366     -3343.462
367     -3335.465
368     -3339.852
369     -3325.632
370     -3332.124
371     -3337.428
372     -3341.632
373     -3329.057
374     -3335.333
375     -3334.070
376     -3337.249
377     -3338.246
378     -3331.763
379     -3337.441
380     -3336.428
381     -3344.369
382     -3331.153
383     -3333.918
384     -3332.854
385     -3337.846
386     -3327.190
387     -3332.246
388     -3331.672
389     -3336.891
390     -3337.706
391     -3333.501
392     -3339.620
393     -3326.956
394     -3333.110
395     -3333.856
396     -3325.648
397     -3341.061
398     -3329.601
399     -3331.582
400     -3329.782
401     -3340.642
402     -3338.212
403     -3348.484
404     -3339.481
405     -3332.453
406     -3332.265
407     -3340.875
408     -3339.394
409     -3332.601
410     -3333.699
411     -3335.301
412     -3330.530
413     -3340.091
414     -3335.425
415     -3334.143
416     -3335.989
417     -3340.086
418     -3340.526
419     -3338.305
420     -3337.919
421     -3339.470
422     -3335.864
423     -3338.568
424     -3336.555
425     -3333.064
426     -3340.642
427     -3335.729
428     -3338.260
429     -3332.209
430     -3341.631
431     -3343.302
432     -3339.733
433     -3340.388
434     -3328.992
435     -3333.077
436     -3341.932
437     -3327.249
438     -3332.131
439     -3331.920
440     -3333.223
441     -3333.411
442     -3336.235
443     -3340.661
444     -3331.005
445     -3338.904
446     -3333.370
447     -3342.068
448     -3340.256
449     -3336.102
450     -3333.210
451     -3334.805
452     -3341.492
453     -3333.392
454     -3328.194
455     -3327.223
456     -3330.717
457     -3328.101
458     -3333.528
459     -3332.644
460     -3334.365
461     -3329.663
462     -3331.262
463     -3332.494
464     -3334.139
465     -3336.707
466     -3339.166
467     -3331.893
468     -3332.015
469     -3338.957
470     -3340.861
471     -3331.492
472     -3337.709
473     -3339.025
474     -3337.900
475     -3334.383
476     -3340.166
477     -3341.156
478     -3333.147
479     -3338.771
480     -3335.797
481     -3337.179
482     -3336.125
483     -3335.512
484     -3328.818
485     -3335.083
486     -3333.045
487     -3330.997
488     -3340.424
489     -3337.773
490     -3337.658
491     -3340.582
492     -3331.495
493     -3340.223
494     -3331.541
495     -3337.471
496     -3333.062
497     -3348.535
498     -3334.461
499     -3339.181
500     -3335.727
501     -3336.554
502     -3327.515
503     -3332.658
504     -3332.675
505     -3330.360
506     -3339.151
507     -3329.152
508     -3330.424
509     -3336.017
510     -3334.566
511     -3336.089
512     -3342.029
513     -3334.741
514     -3339.693
515     -3338.837
516     -3331.005
517     -3337.553
518     -3333.292
519     -3337.645
520     -3327.911
521     -3333.901
522     -3334.391
523     -3339.594
524     -3328.776
525     -3329.252
526     -3334.880
527     -3330.168
528     -3330.099
529     -3333.688
530     -3341.290
531     -3338.608
532     -3336.680
533     -3338.162
534     -3338.098
535     -3346.164
536     -3335.494
537     -3334.949
538     -3327.895
539     -3339.030
540     -3336.023
541     -3334.523
542     -3334.742
543     -3335.892
544     -3332.807
545     -3346.302
546     -3332.054
547     -3332.209
548     -3332.134
549     -3337.710
550     -3330.629
551     -3338.369
552     -3336.759
553     -3337.414
554     -3335.677
555     -3337.092
556     -3337.218
557     -3330.846
558     -3331.566
559     -3338.232
560     -3335.852
561     -3329.734
562     -3328.689
563     -3330.236
564     -3330.999
565     -3335.849
566     -3340.997
567     -3330.898
568     -3330.625
569     -3336.740
570     -3321.998
571     -3337.536
572     -3341.875
573     -3335.559
574     -3326.491
575     -3340.447
576     -3331.577
577     -3337.618
578     -3344.608
579     -3330.762
580     -3335.623
581     -3335.114
582     -3334.412
583     -3342.865
584     -3338.507
585     -3330.064
586     -3331.237
587     -3338.531
588     -3332.266
589     -3336.117
590     -3330.086
591     -3331.829
592     -3340.977
593     -3334.139
594     -3332.806
595     -3332.436
596     -3332.945
597     -3342.500
598     -3335.826
599     -3330.085
600     -3331.415
601     -3348.125
602     -3331.805
603     -3334.572
604     -3332.480
605     -3326.610
606     -3335.573
607     -3331.139
608     -3336.954
609     -3340.599
610     -3337.059
611     -3334.527
612     -3340.918
613     -3334.370
614     -3334.370
615     -3338.737
616     -3330.534
617     -3334.881
618     -3334.227
619     -3334.453
620     -3342.753
621     -3341.698
622     -3341.236
623     -3330.590
624     -3337.642
625     -3340.163
626     -3333.201
627     -3336.410
628     -3338.394
629     -3330.614
630     -3336.953
631     -3346.901
632     -3335.097
633     -3324.924
634     -3331.390
635     -3336.964
636     -3338.122
637     -3332.282
638     -3337.280
639     -3332.010
640     -3334.007
641     -3336.851
642     -3345.348
643     -3326.229
644     -3333.376
645     -3337.807
646     -3335.471
647     -3336.319
648     -3336.447
649     -3342.311
650     -3334.883
651     -3339.221
652     -3331.064
653     -3325.079
654     -3338.058
655     -3331.971
656     -3335.494
657     -3337.508
658     -3341.113
659     -3335.668
660     -3329.103
661     -3331.284
662     -3338.488
663     -3333.576
664     -3333.588
665     -3341.147
666     -3332.502
667     -3342.469
668     -3339.454
669     -3336.330
670     -3339.067
671     -3342.396
672     -3333.696
673     -3332.502
674     -3333.074
675     -3339.932
676     -3336.044
677     -3329.641
678     -3334.969
679     -3328.506
680     -3341.403
681     -3328.261
682     -3334.214
683     -3330.607
684     -3336.684
685     -3330.827
686     -3327.144
687     -3337.388
688     -3328.314
689     -3331.762
690     -3331.305
691     -3332.434
692     -3338.701
693     -3329.530
694     -3330.168
695     -3333.972
696     -3330.184
697     -3330.736
698     -3337.483
699     -3329.830
700     -3328.739
701     -3332.441
702     -3333.778
703     -3331.857
704     -3329.535
705     -3336.979
706     -3336.753
707     -3341.280
708     -3333.999
709     -3335.172
710     -3336.681
711     -3331.153
712     -3344.216
713     -3337.614
714     -3337.510
715     -3338.464
716     -3333.820
717     -3325.139
718     -3330.198
719     -3332.377
720     -3335.086
721     -3335.684
722     -3339.614
723     -3334.157
724     -3327.671
725     -3329.744
726     -3334.283
727     -3339.054
728     -3339.931
729     -3337.810
730     -3335.086
731     -3335.280
732     -3335.925
733     -3334.283
734     -3332.806
735     -3332.572
736     -3333.418
737     -3328.698
738     -3336.451
739     -3339.143
740     -3334.927
741     -3325.230
742     -3330.844
743     -3339.926
744     -3334.126
745     -3338.639
746     -3335.183
747     -3341.267
748     -3331.872
749     -3326.580
750     -3329.444
751     -3330.369
752     -3331.135
753     -3329.818
754     -3328.635
755     -3338.856
756     -3331.618
757     -3327.599
758     -3334.695
759     -3334.579
760     -3343.963
761     -3337.274
762     -3340.312
763     -3337.454
764     -3337.165
765     -3338.097
766     -3329.115
767     -3329.841
768     -3335.128
769     -3327.511
770     -3335.919
771     -3332.667
772     -3331.987
773     -3338.188
774     -3338.974
775     -3331.512
776     -3332.616
777     -3340.194
778     -3341.466
779     -3339.873
780     -3333.730
781     -3332.858
782     -3331.940
783     -3333.610
784     -3330.511
785     -3329.367
786     -3337.954
787     -3340.541
788     -3335.856
789     -3335.441
790     -3344.078
791     -3341.320
792     -3333.653
793     -3333.514
794     -3337.557
795     -3331.285
796     -3338.790
797     -3345.358
798     -3328.665
799     -3339.644
800     -3331.845
801     -3340.734
802     -3330.329
803     -3330.608
804     -3330.256
805     -3338.153
806     -3336.825
807     -3329.994
808     -3337.774
809     -3328.729
810     -3332.394
811     -3337.587
812     -3333.376
813     -3334.209
814     -3334.206
815     -3341.312
816     -3335.794
817     -3338.099
818     -3340.285
819     -3339.235
820     -3331.677
821     -3330.880
822     -3331.206
823     -3332.184
824     -3336.268
825     -3335.757
826     -3344.626
827     -3344.326
828     -3333.405
829     -3334.298
830     -3333.456
831     -3330.567
832     -3328.546
833     -3339.308
834     -3331.080
835     -3334.953
836     -3333.491
837     -3336.898
838     -3338.340
839     -3335.420
840     -3345.529
841     -3336.671
842     -3339.747
843     -3333.151
844     -3337.050
845     -3338.503
846     -3330.384
847     -3342.195
848     -3334.843
849     -3333.140
850     -3333.175
851     -3338.193
852     -3347.347
853     -3342.145
854     -3331.695
855     -3334.438
856     -3334.249
857     -3341.269
858     -3333.170
859     -3334.644
860     -3330.384
861     -3338.311
862     -3331.660
863     -3330.970
864     -3332.255
865     -3325.337
866     -3332.759
867     -3338.063
868     -3329.273
869     -3326.386
870     -3330.216
871     -3336.128
872     -3329.698
873     -3333.086
874     -3335.218
875     -3337.448
876     -3343.116
877     -3335.780
878     -3339.656
879     -3335.677
880     -3329.779
881     -3334.037
882     -3329.699
883     -3334.818
884     -3342.602
885     -3329.506
886     -3334.895
887     -3344.554
888     -3341.898
889     -3325.922
890     -3334.161
891     -3331.015
892     -3336.248
893     -3336.258
894     -3328.511
895     -3336.535
896     -3334.517
897     -3332.570
898     -3339.652
899     -3337.164
900     -3333.667
901     -3331.586
902     -3336.847
903     -3331.424
904     -3335.419
905     -3337.246
906     -3340.225
907     -3336.072
908     -3335.590
909     -3336.515
910     -3329.601
911     -3329.382
912     -3336.008
913     -3326.371
914     -3329.480
915     -3333.081
916     -3334.104
917     -3329.780
918     -3334.463
919     -3329.605
920     -3333.424
921     -3337.698
922     -3335.429
923     -3335.818
924     -3332.885
925     -3337.367
926     -3334.282
927     -3330.012
928     -3329.870
929     -3333.823
930     -3336.955
931     -3336.645
932     -3331.784
933     -3336.148
934     -3336.119
935     -3350.664
936     -3332.695
937     -3335.229
938     -3327.915
939     -3336.606
940     -3331.727
941     -3328.668
942     -3332.758
943     -3334.695
944     -3334.463
945     -3332.462
946     -3339.532
947     -3341.031
948     -3337.937
949     -3334.729
950     -3325.736
951     -3335.608
952     -3336.661
953     -3336.753
954     -3334.824
955     -3334.319
956     -3336.995
957     -3331.067
958     -3332.286
959     -3332.686
960     -3333.586
961     -3332.247
962     -3340.016
963     -3337.053
964     -3344.420
965     -3338.012
966     -3331.891
967     -3348.409
968     -3337.073
969     -3334.164
970     -3329.290
971     -3341.162
972     -3332.626
973     -3342.337
974     -3334.309
975     -3336.815
976     -3339.297
977     -3337.863
978     -3331.139
979     -3343.630
980     -3334.190
981     -3336.934
982     -3332.321
983     -3338.209
984     -3340.912
985     -3338.526
986     -3337.779
987     -3329.557
988     -3335.465
989     -3337.155
990     -3334.214
991     -3330.079
992     -3338.784
993     -3329.898
994     -3333.122
995     -3337.657
996     -3338.789
997     -3333.231
998     -3331.860
999     -3337.881
1000    -3339.619

$sum_log_lik
[1] -3314.772

