
[1] "The taxa modelled are:"
 [1] "Ash"            "Beech"          "Birch"          "Chestnut"       "Elm"            "Hemlock"        "Hickory"       
 [8] "Maple"          "Oak"            "Other conifer"  "Other hardwood" "Pine"           "Poplar"         "Spruce"        
[15] "Tamarack"      

[1] "Summary of posterior parameter vals:"
                    mean         2.5%          50%        97.5%     n_eff      Rhat
phi[1]       61.36984110  47.04219500  61.06620000  77.44068000  740.4835 0.9993683
phi[2]       30.96196880  25.91978750  30.95290000  36.20119250  626.4525 1.0017429
phi[3]      190.58900000 160.68757500 190.31250000 220.66980000  492.0704 1.0028922
phi[4]       38.72286020  30.63073750  38.38650000  49.18698750  415.4014 0.9990209
phi[5]      123.84057900  98.34259250 123.38000000 151.29800000  869.4907 0.9990528
phi[6]       69.52704150  59.36863000  69.44455000  81.61103000  608.0606 1.0005796
phi[7]       51.72589980  40.70080500  51.54530000  64.28864750  652.0511 1.0062934
phi[8]       20.77563720  16.78149750  20.75000000  25.48024500  682.8384 1.0009311
phi[9]       52.52182010  42.12734000  52.89115000  60.43586500  291.8998 1.0060398
phi[10]      17.28679248  11.62498000  16.89855000  24.10282750 1000.0000 1.0006689
phi[11]      98.21544290  79.61209500  98.47880000 115.78880000  671.7229 0.9994788
phi[12]     118.32193810  96.48701750 118.10450000 140.07800000  496.7389 1.0199007
phi[13]      26.60254920  16.16391500  25.91025000  40.36363500  758.7749 0.9990907
phi[14]      28.23917620  22.73355750  28.07520000  34.49109000 1000.0000 0.9990009
phi[15]      62.19674180  32.83180750  59.81990000 103.60242500  848.6468 0.9999858
gamma[1]      0.09616063   0.02255665   0.09301885   0.19259560 1000.0000 1.0006591
gamma[2]      0.17058991   0.06642890   0.16573800   0.29649950 1000.0000 0.9991542
gamma[3]      0.17216635   0.07453001   0.16937200   0.28192448  776.5414 1.0005718
gamma[4]      0.18324968   0.05309904   0.17431950   0.35440288  400.5587 1.0019350
gamma[5]      0.10941907   0.02869587   0.10522400   0.21334865 1000.0000 1.0072564
gamma[6]      0.19935596   0.07256644   0.19619250   0.34795607  417.6996 0.9995826
gamma[7]      0.06216771   0.01285897   0.05927020   0.12903465  364.6275 1.0004641
gamma[8]      0.12248651   0.02948074   0.11955450   0.24870885 1000.0000 0.9991986
gamma[9]      0.22835040   0.10822305   0.23176000   0.33245792  337.8302 1.0057366
gamma[10]     0.16656829   0.05958472   0.15787600   0.32133577 1000.0000 1.0016253
gamma[11]     0.11774362   0.03229982   0.11368600   0.22412640 1000.0000 0.9992508
gamma[12]     0.08485740   0.04858013   0.08356975   0.12423000  767.4350 1.0051707
gamma[13]     0.08022373   0.01553112   0.07482785   0.17954942  453.6748 0.9989995
gamma[14]     0.13378917   0.03006615   0.12439600   0.27506107 1000.0000 0.9990448
gamma[15]     0.12142079   0.02491833   0.11379450   0.28122810 1000.0000 1.0019573
mu_gamma     -1.83281016  -1.99330150  -1.85845500  -1.51570950  978.2485 1.0010424
sigma_gamma   0.73171471   0.28098615   0.68336750   1.49276750  174.3218 1.0007707
log_a[1]     -1.43794751  -2.85702875  -1.42975500  -0.14340538  387.2702 0.9990039
log_a[2]     -1.78608700  -2.88346400  -1.83389500  -0.62608725  454.8659 0.9996547
log_a[3]     -1.44499173  -2.42980000  -1.45199000  -0.34368408  420.0238 1.0001976
log_a[4]     -2.66110498  -4.58162900  -2.71780500  -0.54563770  312.3206 1.0016543
log_a[5]     -1.33745932  -2.86883275  -1.27906000  -0.09986756  425.6870 1.0028067
log_a[6]     -2.92899035  -4.23977300  -2.97118000  -1.23805100  297.5061 1.0000941
log_a[7]     -2.10724146  -3.70113300  -2.09770000  -0.61831153  537.5137 0.9990970
log_a[8]     -1.37795096  -2.93166525  -1.34418000  -0.10586863  322.0559 1.0031796
log_a[9]     -3.44631011  -5.33009925  -3.42196000  -1.65088425  272.6482 0.9992313
log_a[10]    -1.37304325  -2.93921625  -1.32162000  -0.15016513 1000.0000 1.0023227
log_a[11]    -0.66719355  -1.83367500  -0.58433250  -0.03077567  732.3627 1.0025145
log_a[12]    -0.96943423  -2.10425475  -0.94192350  -0.03447166  316.4112 1.0020983
log_a[13]    -2.07956234  -3.92998475  -2.09783500  -0.29515123  387.3967 1.0016666
log_a[14]    -2.28327064  -3.79803900  -2.30092500  -0.59065948  385.1085 1.0026983
log_a[15]    -2.03878432  -4.00835625  -2.01402500  -0.27473707  428.9649 0.9995867
b             2.20580106   2.00558775   2.12308500   2.88642750  277.5984 1.0058216
mu_a         -1.85537394  -2.68702825  -1.85676500  -1.01067850  310.7858 1.0028989
sigma_a       1.07680588   0.45828343   1.04383500   1.90085000  323.5425 0.9998232

[1] "WAIC:"
$waic
[1] 6740.1

$p_waic
[1] 41.93912

$lppd
[1] -3328.111

$p_waic_1
[1] 39.77121

[1] "AIC:"
[1] 6756.222

[1] "Log likelihood"
$log_lik
     log_lik
1  -36.34813
2  -41.06583
3  -32.98796
4  -51.00028
5  -41.91805
6  -42.05937
7  -41.47666
8  -49.85299
9  -41.29560
10 -39.76839
11 -55.11078
12 -42.83788
13 -43.20588
14 -39.84506
15 -47.51243
16 -52.40494
17 -45.91697
18 -35.58613
19 -44.38423
20 -43.08947
21 -35.39668
22 -48.09121
23 -47.56029
24 -44.82866
25 -43.34405
26 -36.97494
27 -34.18456
28 -43.81050
29 -39.28845
30 -34.71310
31 -45.27692
32 -34.46371
33 -30.25591
34 -40.66312
35 -50.56432
36 -39.95933
37 -43.13528
38 -37.30550
39 -38.35506
40 -32.08068
41 -42.76566
42 -38.95305
43 -39.78194
44 -48.36825
45 -54.47361
46 -36.65295
47 -38.37054
48 -34.27974
49 -38.09415
50 -43.26473
51 -51.26194
52 -49.39200
53 -50.50590
54 -49.54375
55 -50.03135
56 -41.00196
57 -37.95144
58 -31.77902
59 -43.65701
60 -40.92745
61 -46.07219
62 -33.89046
63 -40.20827
64 -45.05388
65 -41.27318
66 -35.93525
67 -45.03112
68 -43.17191
69 -45.85381
70 -28.12748
71 -45.32753
72 -57.16186
73 -47.37256
74 -33.92121
75 -43.08727
76 -41.42751
77 -36.55556
78 -43.83031
79 -45.83367

$log_lik_iter
     log_lik_iter
1       -3344.144
2       -3353.745
3       -3340.919
4       -3345.607
5       -3354.039
6       -3349.689
7       -3345.061
8       -3345.480
9       -3350.360
10      -3340.509
11      -3344.096
12      -3351.437
13      -3352.568
14      -3356.104
15      -3339.597
16      -3346.370
17      -3346.682
18      -3345.892
19      -3344.293
20      -3344.021
21      -3344.532
22      -3355.683
23      -3344.646
24      -3350.182
25      -3348.031
26      -3353.328
27      -3348.508
28      -3354.003
29      -3345.967
30      -3356.105
31      -3343.144
32      -3343.170
33      -3347.279
34      -3345.527
35      -3350.003
36      -3341.885
37      -3347.304
38      -3349.924
39      -3347.633
40      -3345.717
41      -3339.452
42      -3340.892
43      -3346.663
44      -3346.894
45      -3345.124
46      -3352.008
47      -3349.065
48      -3349.809
49      -3348.971
50      -3338.773
51      -3344.705
52      -3344.819
53      -3343.533
54      -3354.701
55      -3352.178
56      -3347.170
57      -3350.788
58      -3340.672
59      -3344.738
60      -3347.676
61      -3349.422
62      -3342.180
63      -3350.173
64      -3362.935
65      -3344.682
66      -3348.255
67      -3350.014
68      -3352.030
69      -3346.557
70      -3348.994
71      -3347.528
72      -3346.257
73      -3353.328
74      -3352.852
75      -3339.586
76      -3345.244
77      -3352.031
78      -3345.993
79      -3345.647
80      -3339.928
81      -3349.296
82      -3344.162
83      -3344.221
84      -3353.760
85      -3355.075
86      -3352.802
87      -3348.254
88      -3346.519
89      -3350.064
90      -3356.214
91      -3354.377
92      -3346.564
93      -3350.174
94      -3346.854
95      -3341.958
96      -3347.945
97      -3347.074
98      -3350.264
99      -3345.419
100     -3349.767
101     -3349.016
102     -3347.984
103     -3350.295
104     -3358.322
105     -3347.915
106     -3341.738
107     -3345.248
108     -3352.565
109     -3343.486
110     -3346.061
111     -3349.367
112     -3348.996
113     -3355.660
114     -3350.418
115     -3343.274
116     -3352.118
117     -3342.989
118     -3344.201
119     -3341.056
120     -3346.477
121     -3353.315
122     -3347.681
123     -3347.947
124     -3347.342
125     -3349.547
126     -3358.502
127     -3346.565
128     -3349.276
129     -3350.618
130     -3350.926
131     -3343.386
132     -3346.874
133     -3341.287
134     -3347.586
135     -3352.751
136     -3343.396
137     -3339.524
138     -3352.885
139     -3353.248
140     -3342.344
141     -3344.693
142     -3343.771
143     -3351.201
144     -3350.642
145     -3347.769
146     -3349.995
147     -3356.190
148     -3341.138
149     -3346.025
150     -3352.914
151     -3345.664
152     -3337.826
153     -3346.129
154     -3346.717
155     -3355.045
156     -3347.451
157     -3347.294
158     -3351.114
159     -3345.169
160     -3348.184
161     -3351.260
162     -3343.343
163     -3343.554
164     -3352.010
165     -3347.099
166     -3347.566
167     -3342.006
168     -3347.937
169     -3353.017
170     -3349.499
171     -3346.238
172     -3354.178
173     -3345.316
174     -3346.006
175     -3350.470
176     -3347.501
177     -3344.472
178     -3347.030
179     -3343.449
180     -3345.599
181     -3347.665
182     -3349.485
183     -3349.794
184     -3348.929
185     -3350.521
186     -3346.512
187     -3343.300
188     -3351.623
189     -3352.986
190     -3346.793
191     -3344.696
192     -3350.844
193     -3349.551
194     -3345.820
195     -3346.214
196     -3352.555
197     -3347.220
198     -3351.653
199     -3343.987
200     -3345.592
201     -3349.031
202     -3348.907
203     -3344.029
204     -3352.791
205     -3346.010
206     -3341.816
207     -3339.876
208     -3350.456
209     -3355.748
210     -3343.432
211     -3339.283
212     -3345.366
213     -3348.681
214     -3349.454
215     -3346.818
216     -3341.853
217     -3341.638
218     -3344.871
219     -3344.184
220     -3344.915
221     -3350.869
222     -3346.256
223     -3348.850
224     -3346.057
225     -3350.671
226     -3339.067
227     -3350.796
228     -3348.332
229     -3355.765
230     -3346.197
231     -3348.299
232     -3350.896
233     -3349.562
234     -3353.852
235     -3351.292
236     -3347.654
237     -3344.240
238     -3350.127
239     -3352.920
240     -3342.044
241     -3345.974
242     -3343.515
243     -3350.746
244     -3345.280
245     -3341.604
246     -3340.846
247     -3351.020
248     -3345.857
249     -3346.616
250     -3341.618
251     -3347.943
252     -3350.499
253     -3345.256
254     -3345.644
255     -3355.049
256     -3352.670
257     -3350.158
258     -3344.276
259     -3346.942
260     -3346.792
261     -3351.506
262     -3341.222
263     -3348.731
264     -3353.670
265     -3352.139
266     -3344.845
267     -3343.632
268     -3340.692
269     -3348.085
270     -3348.753
271     -3345.756
272     -3350.661
273     -3338.201
274     -3347.747
275     -3343.527
276     -3345.441
277     -3350.939
278     -3348.120
279     -3347.174
280     -3350.039
281     -3346.864
282     -3346.258
283     -3350.854
284     -3356.149
285     -3346.003
286     -3344.317
287     -3351.124
288     -3350.005
289     -3338.228
290     -3347.122
291     -3347.988
292     -3341.964
293     -3347.068
294     -3348.902
295     -3351.255
296     -3348.330
297     -3347.772
298     -3344.922
299     -3349.635
300     -3347.441
301     -3351.090
302     -3341.712
303     -3343.969
304     -3347.812
305     -3352.534
306     -3357.275
307     -3341.076
308     -3348.272
309     -3350.225
310     -3347.750
311     -3347.364
312     -3349.441
313     -3353.504
314     -3350.910
315     -3343.201
316     -3347.773
317     -3353.615
318     -3350.502
319     -3344.613
320     -3350.244
321     -3345.960
322     -3345.870
323     -3345.242
324     -3357.771
325     -3355.128
326     -3348.182
327     -3342.673
328     -3341.624
329     -3352.631
330     -3349.413
331     -3351.579
332     -3351.435
333     -3347.925
334     -3345.036
335     -3345.067
336     -3357.622
337     -3345.459
338     -3356.158
339     -3346.009
340     -3352.505
341     -3348.144
342     -3350.877
343     -3346.640
344     -3360.582
345     -3344.625
346     -3345.916
347     -3347.593
348     -3355.351
349     -3350.099
350     -3344.249
351     -3347.619
352     -3351.726
353     -3351.730
354     -3343.555
355     -3360.090
356     -3345.248
357     -3357.161
358     -3344.227
359     -3335.966
360     -3348.341
361     -3342.249
362     -3350.945
363     -3351.218
364     -3352.961
365     -3346.613
366     -3346.307
367     -3342.303
368     -3344.303
369     -3344.655
370     -3345.918
371     -3351.708
372     -3358.360
373     -3346.731
374     -3348.605
375     -3352.575
376     -3350.750
377     -3351.053
378     -3354.073
379     -3351.308
380     -3343.902
381     -3347.558
382     -3338.006
383     -3344.629
384     -3338.770
385     -3349.126
386     -3348.292
387     -3352.271
388     -3344.945
389     -3346.591
390     -3348.231
391     -3347.434
392     -3342.349
393     -3344.016
394     -3348.713
395     -3352.304
396     -3346.893
397     -3345.775
398     -3346.304
399     -3347.281
400     -3340.891
401     -3353.359
402     -3350.013
403     -3341.684
404     -3348.776
405     -3343.333
406     -3344.695
407     -3362.216
408     -3347.372
409     -3358.658
410     -3340.094
411     -3349.136
412     -3344.968
413     -3350.049
414     -3348.918
415     -3348.774
416     -3354.965
417     -3346.293
418     -3356.608
419     -3357.103
420     -3361.543
421     -3347.880
422     -3346.666
423     -3345.188
424     -3341.670
425     -3353.524
426     -3351.948
427     -3353.198
428     -3345.814
429     -3346.719
430     -3347.364
431     -3349.660
432     -3354.923
433     -3338.792
434     -3346.314
435     -3344.882
436     -3341.603
437     -3346.815
438     -3346.208
439     -3348.015
440     -3356.231
441     -3339.898
442     -3342.679
443     -3356.702
444     -3350.693
445     -3350.138
446     -3346.846
447     -3363.182
448     -3348.524
449     -3358.014
450     -3343.486
451     -3345.907
452     -3356.005
453     -3351.197
454     -3347.871
455     -3347.789
456     -3345.780
457     -3343.917
458     -3345.409
459     -3354.454
460     -3343.114
461     -3349.664
462     -3347.833
463     -3343.560
464     -3351.339
465     -3341.784
466     -3354.207
467     -3342.283
468     -3342.400
469     -3344.175
470     -3345.569
471     -3349.026
472     -3348.960
473     -3353.114
474     -3353.593
475     -3347.104
476     -3345.515
477     -3343.785
478     -3342.669
479     -3353.130
480     -3351.550
481     -3342.860
482     -3342.950
483     -3359.026
484     -3349.702
485     -3349.746
486     -3353.888
487     -3341.265
488     -3349.457
489     -3356.418
490     -3351.076
491     -3345.445
492     -3344.787
493     -3345.173
494     -3347.596
495     -3347.156
496     -3348.606
497     -3343.701
498     -3344.259
499     -3348.796
500     -3345.148
501     -3357.334
502     -3348.751
503     -3348.358
504     -3342.124
505     -3350.149
506     -3357.835
507     -3348.885
508     -3343.699
509     -3349.608
510     -3354.129
511     -3344.755
512     -3342.165
513     -3351.186
514     -3350.315
515     -3344.209
516     -3350.475
517     -3347.890
518     -3346.581
519     -3350.199
520     -3343.439
521     -3343.704
522     -3344.240
523     -3348.125
524     -3348.685
525     -3345.142
526     -3343.369
527     -3351.593
528     -3350.397
529     -3348.816
530     -3341.802
531     -3347.722
532     -3353.556
533     -3341.063
534     -3352.593
535     -3347.326
536     -3346.800
537     -3349.394
538     -3347.590
539     -3352.606
540     -3352.896
541     -3351.264
542     -3342.724
543     -3346.880
544     -3346.351
545     -3349.152
546     -3350.681
547     -3343.988
548     -3343.144
549     -3361.788
550     -3351.256
551     -3346.976
552     -3343.058
553     -3349.342
554     -3352.020
555     -3347.276
556     -3345.416
557     -3358.186
558     -3342.329
559     -3343.330
560     -3349.540
561     -3356.098
562     -3339.082
563     -3349.627
564     -3347.864
565     -3351.217
566     -3342.353
567     -3348.787
568     -3344.156
569     -3347.107
570     -3342.780
571     -3353.677
572     -3344.159
573     -3339.998
574     -3351.947
575     -3341.044
576     -3340.253
577     -3349.940
578     -3346.296
579     -3349.678
580     -3349.581
581     -3351.904
582     -3347.403
583     -3352.042
584     -3353.620
585     -3340.382
586     -3349.444
587     -3346.738
588     -3351.544
589     -3337.543
590     -3347.722
591     -3343.118
592     -3349.672
593     -3344.761
594     -3341.271
595     -3344.184
596     -3352.053
597     -3347.048
598     -3354.320
599     -3342.891
600     -3351.078
601     -3353.570
602     -3352.577
603     -3346.530
604     -3349.877
605     -3341.508
606     -3356.945
607     -3344.477
608     -3347.361
609     -3351.354
610     -3347.107
611     -3354.348
612     -3356.170
613     -3348.736
614     -3346.469
615     -3352.820
616     -3356.762
617     -3357.240
618     -3350.121
619     -3343.330
620     -3351.042
621     -3354.968
622     -3354.983
623     -3351.997
624     -3347.278
625     -3351.638
626     -3349.760
627     -3349.209
628     -3352.982
629     -3348.463
630     -3348.809
631     -3347.622
632     -3354.933
633     -3346.284
634     -3346.718
635     -3356.557
636     -3350.065
637     -3347.169
638     -3350.241
639     -3346.606
640     -3346.824
641     -3344.866
642     -3342.426
643     -3344.568
644     -3341.213
645     -3352.065
646     -3344.489
647     -3340.635
648     -3348.196
649     -3346.044
650     -3353.897
651     -3348.805
652     -3355.549
653     -3348.183
654     -3345.016
655     -3347.406
656     -3348.457
657     -3337.382
658     -3343.181
659     -3348.014
660     -3352.742
661     -3352.401
662     -3350.716
663     -3342.504
664     -3344.016
665     -3348.539
666     -3343.859
667     -3352.306
668     -3348.712
669     -3344.424
670     -3343.869
671     -3356.904
672     -3346.525
673     -3343.233
674     -3347.622
675     -3353.113
676     -3341.224
677     -3342.097
678     -3344.943
679     -3346.900
680     -3358.609
681     -3343.197
682     -3343.028
683     -3343.035
684     -3348.836
685     -3344.931
686     -3350.280
687     -3358.550
688     -3349.358
689     -3352.519
690     -3357.484
691     -3352.791
692     -3357.560
693     -3346.860
694     -3350.026
695     -3344.318
696     -3345.744
697     -3346.980
698     -3350.913
699     -3354.321
700     -3350.925
701     -3347.249
702     -3343.465
703     -3354.677
704     -3349.811
705     -3355.288
706     -3354.202
707     -3349.033
708     -3348.204
709     -3353.229
710     -3340.611
711     -3347.594
712     -3344.110
713     -3345.657
714     -3344.619
715     -3354.099
716     -3354.714
717     -3353.706
718     -3346.566
719     -3341.852
720     -3344.802
721     -3338.907
722     -3346.609
723     -3357.481
724     -3351.711
725     -3357.208
726     -3345.619
727     -3341.891
728     -3351.099
729     -3349.460
730     -3346.904
731     -3345.268
732     -3342.108
733     -3343.765
734     -3347.358
735     -3355.124
736     -3365.220
737     -3346.798
738     -3353.071
739     -3353.288
740     -3348.017
741     -3348.244
742     -3347.035
743     -3338.161
744     -3351.160
745     -3347.223
746     -3344.142
747     -3349.855
748     -3350.480
749     -3353.053
750     -3351.067
751     -3347.968
752     -3342.636
753     -3345.609
754     -3347.075
755     -3347.836
756     -3348.226
757     -3345.072
758     -3355.174
759     -3347.641
760     -3348.030
761     -3345.288
762     -3337.949
763     -3350.484
764     -3355.992
765     -3342.384
766     -3351.944
767     -3349.696
768     -3350.696
769     -3345.596
770     -3349.038
771     -3341.737
772     -3347.767
773     -3358.504
774     -3346.833
775     -3342.010
776     -3349.973
777     -3344.106
778     -3347.767
779     -3344.976
780     -3347.263
781     -3342.930
782     -3339.091
783     -3346.454
784     -3346.464
785     -3349.747
786     -3343.800
787     -3342.838
788     -3346.802
789     -3341.003
790     -3352.548
791     -3346.282
792     -3342.171
793     -3345.143
794     -3347.124
795     -3339.648
796     -3349.294
797     -3351.391
798     -3345.394
799     -3347.681
800     -3351.472
801     -3348.372
802     -3350.624
803     -3341.763
804     -3345.029
805     -3342.828
806     -3347.346
807     -3354.881
808     -3350.823
809     -3347.175
810     -3355.092
811     -3351.905
812     -3339.974
813     -3350.212
814     -3338.465
815     -3356.184
816     -3354.213
817     -3346.147
818     -3346.544
819     -3346.444
820     -3342.554
821     -3352.503
822     -3341.976
823     -3344.497
824     -3347.572
825     -3347.407
826     -3343.990
827     -3334.973
828     -3350.361
829     -3350.034
830     -3337.582
831     -3347.066
832     -3345.244
833     -3347.761
834     -3346.099
835     -3344.424
836     -3345.040
837     -3344.280
838     -3347.558
839     -3348.026
840     -3350.660
841     -3342.303
842     -3346.537
843     -3352.860
844     -3349.228
845     -3351.214
846     -3343.662
847     -3348.600
848     -3345.342
849     -3355.794
850     -3352.903
851     -3344.666
852     -3345.130
853     -3352.672
854     -3356.570
855     -3343.653
856     -3348.828
857     -3352.305
858     -3339.273
859     -3344.530
860     -3352.900
861     -3352.616
862     -3349.894
863     -3347.544
864     -3347.396
865     -3344.562
866     -3348.160
867     -3347.187
868     -3346.115
869     -3350.944
870     -3340.230
871     -3356.991
872     -3355.420
873     -3344.094
874     -3348.782
875     -3342.836
876     -3347.004
877     -3352.574
878     -3349.696
879     -3353.090
880     -3339.370
881     -3344.743
882     -3348.582
883     -3347.092
884     -3351.939
885     -3344.403
886     -3356.252
887     -3346.619
888     -3346.295
889     -3344.461
890     -3350.994
891     -3358.553
892     -3359.689
893     -3348.960
894     -3344.065
895     -3342.942
896     -3345.166
897     -3357.736
898     -3347.916
899     -3344.385
900     -3346.226
901     -3342.745
902     -3344.311
903     -3348.973
904     -3354.061
905     -3350.796
906     -3343.838
907     -3347.756
908     -3356.509
909     -3342.825
910     -3343.303
911     -3346.766
912     -3346.943
913     -3343.927
914     -3349.234
915     -3355.619
916     -3355.582
917     -3347.930
918     -3346.212
919     -3349.068
920     -3344.793
921     -3348.227
922     -3349.847
923     -3348.644
924     -3352.486
925     -3350.479
926     -3341.509
927     -3348.651
928     -3341.231
929     -3345.236
930     -3356.866
931     -3350.465
932     -3347.657
933     -3346.073
934     -3358.229
935     -3350.655
936     -3344.301
937     -3341.498
938     -3349.739
939     -3345.132
940     -3346.826
941     -3349.786
942     -3348.359
943     -3346.069
944     -3343.602
945     -3350.022
946     -3359.200
947     -3362.342
948     -3343.890
949     -3350.418
950     -3343.437
951     -3345.577
952     -3348.432
953     -3353.696
954     -3345.059
955     -3343.048
956     -3340.114
957     -3344.774
958     -3347.590
959     -3347.213
960     -3346.776
961     -3344.493
962     -3343.325
963     -3347.477
964     -3346.577
965     -3351.595
966     -3355.792
967     -3348.696
968     -3347.385
969     -3351.339
970     -3342.558
971     -3344.980
972     -3344.993
973     -3350.064
974     -3350.372
975     -3346.971
976     -3355.206
977     -3344.780
978     -3350.579
979     -3347.920
980     -3348.794
981     -3351.051
982     -3344.410
983     -3351.335
984     -3345.753
985     -3342.760
986     -3342.416
987     -3355.185
988     -3349.844
989     -3348.075
990     -3341.416
991     -3341.425
992     -3344.502
993     -3347.968
994     -3350.574
995     -3350.613
996     -3350.536
997     -3343.763
998     -3341.998
999     -3346.924
1000    -3347.133

$sum_log_lik
[1] -3328.111

