
[1] "The taxa modelled are:"
 [1] "Ash"            "Beech"          "Birch"          "Chestnut"       "Elm"            "Hemlock"        "Hickory"       
 [8] "Maple"          "Oak"            "Other conifer"  "Other hardwood" "Pine"           "Poplar"         "Spruce"        
[15] "Tamarack"      

[1] "Summary of posterior parameter vals:"
                    mean          2.5%          50%        97.5%       n_eff      Rhat
phi[1]       34.87392000  25.744995000  35.87170000  45.23205750    6.382372 1.2477329
phi[2]       25.41091440  21.744252500  25.79540000  29.09527000  117.438085 1.0127636
phi[3]      137.90942100 118.057850000 138.98650000 152.04510000   16.063123 1.0607353
phi[4]       27.36528630  21.478487500  27.42410000  33.37682500  854.236014 0.9990141
phi[5]       82.85086740  67.042447500  84.41360000  98.69527500 1000.000000 1.0000345
phi[6]       54.47360770  47.829787500  54.21105000  63.63479750   30.781215 1.0673440
phi[7]       31.45271320  25.250472500  31.93255000  37.42065250  250.703200 1.0213461
phi[8]       14.95922630  12.071810000  15.22010000  17.61106750  303.612519 1.0063806
phi[9]       33.07344550  28.148932500  33.46175000  37.18490250   39.167950 1.0179922
phi[10]      13.21214309   9.913263750  12.66605000  18.29313750   26.766925 1.0613245
phi[11]      65.67982170  54.817527500  66.11840000  76.54301000  562.880766 1.0009667
phi[12]      50.19683050  42.648052500  50.78525000  58.47914000  458.289921 1.0023213
phi[13]      16.70597498  10.615132500  17.20875000  23.35660500 1000.000000 0.9990922
phi[14]      25.41028420  21.591147500  25.26170000  30.89120000   13.634731 1.1219619
phi[15]      45.74993510  23.188775000  45.51485000  63.16272750   12.875819 1.0704587
gamma[1]      0.32340858   0.098366133   0.32255800   0.55159397   16.543971 1.0917167
gamma[2]      0.35365319   0.197709800   0.34567900   0.51281405  705.047545 0.9993901
gamma[3]      0.30355533   0.162710200   0.29779350   0.46799785  221.907683 1.0022528
gamma[4]      0.22896830   0.034524338   0.21287800   0.45713000   10.443723 1.1262652
gamma[5]      0.31975522   0.117337425   0.31743750   0.54430965   15.370641 1.0972853
gamma[6]      0.31391767   0.163443100   0.31812850   0.45376670  153.584140 1.0035364
gamma[7]      0.05197585   0.009102499   0.04843410   0.11061580  167.021011 1.0067628
gamma[8]      0.24967563   0.091256192   0.22264250   0.51054675   25.269376 1.0686815
gamma[9]      0.08468854   0.017450442   0.08498035   0.15873400   17.399446 1.0730727
gamma[10]     0.23907877   0.049655715   0.20614850   0.50273270  562.299629 1.0005985
gamma[11]     0.21935592   0.077969598   0.20376900   0.40197355 1000.000000 0.9993190
gamma[12]     0.03363663   0.004261989   0.03470820   0.07924767  427.141842 1.0061171
gamma[13]     0.08962009   0.012534860   0.08420495   0.21109412   87.278961 1.0181487
gamma[14]     0.08486410   0.015877570   0.07405000   0.19874457  356.278961 1.0092031
gamma[15]     0.14051999   0.013074085   0.10361400   0.43425040   29.067652 1.0259507
mu_gamma     -1.39804317  -1.973666250  -1.51968000  -0.40312800    6.665701 1.2270260
sigma_gamma   1.44163475   0.695193625   1.36528000   2.12635000    9.353369 1.1653713
log_a[1]     -0.49976691  -1.212931000  -0.52653050  -0.02817986   98.664340 1.0016654
log_a[2]     -0.49215974  -1.119030000  -0.50188150  -0.03530659   37.746056 0.9996112
log_a[3]     -0.51793937  -1.267154500  -0.53214150  -0.02882726   48.539956 0.9990001
log_a[4]     -0.49455484  -1.231911500  -0.51313750  -0.03242013   92.094563 0.9992651
log_a[5]     -0.50121015  -1.243786750  -0.51913950  -0.03376126   88.528260 0.9995178
log_a[6]     -0.50893090  -1.201123250  -0.47927200  -0.03718530   31.872903 1.0012398
log_a[7]     -0.50917090  -1.237366000  -0.51946150  -0.02629780   75.091855 0.9994289
log_a[8]     -0.49150974  -1.155477000  -0.50374850  -0.03133924   93.758368 0.9990691
log_a[9]     -0.50342457  -1.248585750  -0.48818400  -0.03649776   80.354222 0.9994767
log_a[10]    -0.51380429  -1.293222500  -0.51009800  -0.02810204   72.105377 0.9991161
log_a[11]    -0.52727009  -1.294590250  -0.50321550  -0.03692268   35.521133 1.0002272
log_a[12]    -0.50884211  -1.165251250  -0.49474450  -0.03166115   29.424702 1.0123257
log_a[13]    -0.52069462  -1.293683250  -0.52361650  -0.03552587   84.024895 0.9990805
log_a[14]    -0.50634133  -1.175983750  -0.52039600  -0.02365857   37.421252 1.0016288
log_a[15]    -0.52737237  -1.287799500  -0.53294450  -0.04514131   43.270989 0.9990611
b             2.80090749   2.019728000   2.61513000   5.14410900  449.314886 0.9998058
mu_a         -0.50863112  -1.048640750  -0.53253600  -0.04928533   29.936262 0.9991199
sigma_a       0.15949875   0.018779605   0.11515500   0.51333172   14.646133 1.0965855

[1] "WAIC:"
$waic
[1] 7809.049

$p_waic
[1] 45.17392

$lppd
[1] -3859.35

$p_waic_1
[1] 42.40104

[1] "AIC:"
[1] 7818.701

[1] "Log likelihood"
$log_lik
     log_lik
1  -39.45931
2  -52.62637
3  -34.71674
4  -56.33111
5  -49.25757
6  -78.12794
7  -44.22388
8  -55.42541
9  -48.45130
10 -40.22349
11 -56.94088
12 -54.74445
13 -48.82576
14 -50.89037
15 -56.12646
16 -57.65349
17 -51.42355
18 -39.62421
19 -40.30579
20 -56.34425
21 -39.42478
22 -82.59169
23 -63.11396
24 -52.34933
25 -47.38009
26 -38.01301
27 -43.23260
28 -56.45420
29 -45.62920
30 -41.26775
31 -46.49630
32 -37.08152
33 -32.63470
34 -40.87699
35 -47.40238
36 -42.90587
37 -53.42854
38 -39.73895
39 -41.18870
40 -30.38981
41 -50.36283
42 -38.80477
43 -40.61992
44 -54.99528
45 -66.79178
46 -44.63320
47 -43.99599
48 -38.04036
49 -43.74735
50 -44.71430
51 -67.85258
52 -55.28836
53 -53.41924
54 -65.78672
55 -49.56586
56 -54.34558
57 -37.66892
58 -33.96045
59 -48.33438
60 -40.83107
61 -50.92720
62 -34.47993
63 -41.77491
64 -44.83105
65 -40.67930
66 -42.32781
67 -72.22009
68 -71.61103
69 -48.34772
70 -29.53633
71 -43.22053
72 -60.18582
73 -51.18369
74 -34.53724
75 -68.68815
76 -42.80212
77 -62.25330
78 -62.78755
79 -49.87495

$log_lik_iter
     log_lik_iter
1       -3879.281
2       -3881.469
3       -3880.610
4       -3886.519
5       -3882.976
6       -3883.990
7       -3881.622
8       -3883.990
9       -3876.962
10      -3874.526
11      -3876.553
12      -3883.990
13      -3874.374
14      -3883.062
15      -3877.823
16      -3881.181
17      -3881.458
18      -3879.678
19      -3879.743
20      -3888.113
21      -3879.256
22      -3883.990
23      -3883.990
24      -3884.359
25      -3884.547
26      -3883.990
27      -3877.399
28      -3878.155
29      -3879.795
30      -3881.577
31      -3873.347
32      -3881.060
33      -3875.916
34      -3884.008
35      -3875.972
36      -3872.971
37      -3883.990
38      -3880.059
39      -3880.526
40      -3881.538
41      -3878.255
42      -3883.990
43      -3880.919
44      -3883.110
45      -3883.990
46      -3883.990
47      -3886.969
48      -3876.228
49      -3882.345
50      -3883.503
51      -3883.990
52      -3883.990
53      -3884.359
54      -3876.364
55      -3878.203
56      -3878.517
57      -3880.605
58      -3880.770
59      -3877.008
60      -3884.596
61      -3882.103
62      -3879.602
63      -3881.627
64      -3875.725
65      -3876.003
66      -3884.359
67      -3884.359
68      -3875.955
69      -3872.202
70      -3879.427
71      -3881.970
72      -3884.547
73      -3878.414
74      -3883.796
75      -3881.613
76      -3878.618
77      -3876.100
78      -3884.359
79      -3881.897
80      -3885.879
81      -3876.005
82      -3878.841
83      -3882.357
84      -3874.386
85      -3877.276
86      -3879.707
87      -3876.439
88      -3883.990
89      -3881.235
90      -3883.990
91      -3884.547
92      -3873.145
93      -3878.486
94      -3883.990
95      -3878.932
96      -3875.473
97      -3874.441
98      -3873.375
99      -3884.359
100     -3884.359
101     -3874.964
102     -3883.785
103     -3883.990
104     -3886.406
105     -3883.990
106     -3888.795
107     -3882.627
108     -3877.508
109     -3874.888
110     -3883.642
111     -3883.874
112     -3887.931
113     -3871.786
114     -3889.296
115     -3885.398
116     -3872.755
117     -3875.875
118     -3884.359
119     -3888.737
120     -3877.071
121     -3880.375
122     -3883.990
123     -3873.221
124     -3890.761
125     -3883.428
126     -3883.990
127     -3883.990
128     -3876.423
129     -3880.927
130     -3881.677
131     -3884.271
132     -3878.796
133     -3877.250
134     -3883.652
135     -3878.021
136     -3872.647
137     -3881.632
138     -3880.205
139     -3875.659
140     -3883.518
141     -3879.176
142     -3884.547
143     -3883.223
144     -3884.461
145     -3883.990
146     -3883.990
147     -3882.499
148     -3889.723
149     -3883.654
150     -3879.116
151     -3880.338
152     -3872.217
153     -3883.990
154     -3878.288
155     -3877.595
156     -3878.857
157     -3875.694
158     -3878.245
159     -3883.990
160     -3876.267
161     -3874.460
162     -3873.723
163     -3873.227
164     -3878.002
165     -3882.726
166     -3872.914
167     -3878.397
168     -3883.099
169     -3879.086
170     -3882.700
171     -3884.359
172     -3881.079
173     -3878.479
174     -3878.084
175     -3880.900
176     -3879.955
177     -3882.525
178     -3884.038
179     -3879.683
180     -3879.380
181     -3874.855
182     -3884.547
183     -3883.463
184     -3874.079
185     -3883.990
186     -3883.990
187     -3886.101
188     -3877.216
189     -3883.205
190     -3876.648
191     -3883.990
192     -3872.994
193     -3880.102
194     -3877.171
195     -3883.990
196     -3874.060
197     -3877.150
198     -3880.837
199     -3883.229
200     -3883.990
201     -3879.459
202     -3878.613
203     -3882.082
204     -3879.638
205     -3872.400
206     -3882.125
207     -3883.990
208     -3877.027
209     -3887.204
210     -3871.148
211     -3882.605
212     -3878.325
213     -3876.626
214     -3884.549
215     -3875.516
216     -3875.689
217     -3877.033
218     -3875.592
219     -3883.428
220     -3877.416
221     -3883.111
222     -3873.394
223     -3877.490
224     -3883.990
225     -3875.324
226     -3883.990
227     -3880.544
228     -3878.940
229     -3875.545
230     -3876.390
231     -3880.169
232     -3878.609
233     -3883.990
234     -3880.923
235     -3875.587
236     -3883.990
237     -3873.791
238     -3883.990
239     -3881.570
240     -3884.359
241     -3883.990
242     -3884.022
243     -3883.796
244     -3882.162
245     -3880.951
246     -3875.646
247     -3878.602
248     -3883.461
249     -3885.057
250     -3880.091
251     -3877.103
252     -3876.717
253     -3878.733
254     -3884.359
255     -3880.371
256     -3891.633
257     -3878.428
258     -3879.767
259     -3883.256
260     -3886.849
261     -3884.359
262     -3879.615
263     -3872.730
264     -3883.990
265     -3883.990
266     -3885.951
267     -3875.331
268     -3883.414
269     -3876.486
270     -3883.990
271     -3876.354
272     -3875.346
273     -3884.842
274     -3886.110
275     -3877.759
276     -3879.215
277     -3875.791
278     -3882.215
279     -3883.990
280     -3884.190
281     -3883.990
282     -3876.684
283     -3874.004
284     -3883.990
285     -3879.869
286     -3888.655
287     -3886.287
288     -3880.806
289     -3883.990
290     -3883.990
291     -3881.186
292     -3876.562
293     -3883.990
294     -3876.127
295     -3885.155
296     -3887.693
297     -3881.217
298     -3884.359
299     -3875.617
300     -3873.862
301     -3875.828
302     -3878.974
303     -3882.370
304     -3878.460
305     -3878.249
306     -3880.560
307     -3883.990
308     -3882.595
309     -3885.755
310     -3877.618
311     -3875.793
312     -3877.662
313     -3881.228
314     -3883.306
315     -3884.596
316     -3890.748
317     -3873.507
318     -3883.924
319     -3875.662
320     -3874.353
321     -3880.006
322     -3875.484
323     -3882.360
324     -3877.210
325     -3874.425
326     -3878.112
327     -3879.201
328     -3878.875
329     -3882.746
330     -3883.990
331     -3873.299
332     -3884.140
333     -3884.359
334     -3883.990
335     -3878.494
336     -3881.978
337     -3884.618
338     -3879.835
339     -3878.916
340     -3883.990
341     -3872.885
342     -3883.990
343     -3879.984
344     -3883.990
345     -3883.990
346     -3879.605
347     -3881.326
348     -3874.374
349     -3883.990
350     -3881.684
351     -3883.990
352     -3884.547
353     -3884.194
354     -3872.201
355     -3876.730
356     -3883.990
357     -3880.618
358     -3881.046
359     -3884.570
360     -3876.641
361     -3879.021
362     -3880.417
363     -3883.990
364     -3875.380
365     -3880.964
366     -3878.900
367     -3872.586
368     -3874.955
369     -3879.965
370     -3883.990
371     -3879.938
372     -3877.681
373     -3876.456
374     -3877.920
375     -3890.092
376     -3876.935
377     -3880.550
378     -3885.433
379     -3883.990
380     -3876.790
381     -3884.668
382     -3878.682
383     -3878.641
384     -3876.903
385     -3887.382
386     -3873.175
387     -3891.793
388     -3878.483
389     -3872.049
390     -3876.378
391     -3880.083
392     -3881.342
393     -3884.070
394     -3883.990
395     -3883.990
396     -3878.796
397     -3884.359
398     -3880.167
399     -3886.101
400     -3880.370
401     -3879.678
402     -3877.598
403     -3882.590
404     -3884.030
405     -3885.398
406     -3884.632
407     -3877.073
408     -3881.769
409     -3881.611
410     -3883.990
411     -3881.064
412     -3878.307
413     -3875.364
414     -3875.302
415     -3877.394
416     -3883.990
417     -3877.240
418     -3875.856
419     -3875.117
420     -3880.161
421     -3883.990
422     -3882.094
423     -3880.336
424     -3878.187
425     -3884.359
426     -3875.853
427     -3877.533
428     -3878.867
429     -3875.453
430     -3893.190
431     -3881.632
432     -3882.726
433     -3878.291
434     -3880.632
435     -3876.819
436     -3883.675
437     -3878.411
438     -3892.052
439     -3880.392
440     -3884.260
441     -3884.359
442     -3875.965
443     -3878.320
444     -3885.234
445     -3878.106
446     -3877.881
447     -3878.860
448     -3880.619
449     -3883.990
450     -3880.109
451     -3883.990
452     -3873.198
453     -3878.288
454     -3888.669
455     -3873.370
456     -3885.913
457     -3881.763
458     -3888.058
459     -3877.979
460     -3883.786
461     -3883.990
462     -3886.205
463     -3884.359
464     -3876.019
465     -3886.712
466     -3890.140
467     -3874.922
468     -3883.786
469     -3877.751
470     -3882.439
471     -3876.238
472     -3887.833
473     -3884.633
474     -3876.936
475     -3883.990
476     -3885.642
477     -3886.232
478     -3875.668
479     -3876.077
480     -3878.180
481     -3881.821
482     -3881.220
483     -3884.371
484     -3878.005
485     -3880.198
486     -3880.103
487     -3888.450
488     -3876.868
489     -3886.101
490     -3882.896
491     -3878.468
492     -3883.990
493     -3886.145
494     -3883.990
495     -3877.894
496     -3881.484
497     -3877.919
498     -3883.990
499     -3883.990
500     -3878.088
501     -3877.400
502     -3883.443
503     -3883.796
504     -3883.990
505     -3874.020
506     -3876.552
507     -3881.487
508     -3878.491
509     -3882.458
510     -3884.547
511     -3879.329
512     -3878.390
513     -3872.234
514     -3874.742
515     -3883.990
516     -3874.704
517     -3877.396
518     -3874.890
519     -3883.280
520     -3887.267
521     -3884.359
522     -3883.990
523     -3883.230
524     -3881.421
525     -3876.062
526     -3897.189
527     -3876.136
528     -3878.194
529     -3873.335
530     -3875.620
531     -3876.432
532     -3879.431
533     -3882.414
534     -3883.990
535     -3874.247
536     -3878.160
537     -3875.275
538     -3883.642
539     -3891.265
540     -3883.990
541     -3876.800
542     -3875.821
543     -3874.897
544     -3880.150
545     -3879.268
546     -3878.133
547     -3883.990
548     -3874.443
549     -3885.396
550     -3884.177
551     -3883.990
552     -3874.749
553     -3883.990
554     -3884.359
555     -3884.547
556     -3883.990
557     -3875.703
558     -3881.677
559     -3883.786
560     -3875.416
561     -3879.602
562     -3877.429
563     -3883.869
564     -3883.796
565     -3883.849
566     -3883.990
567     -3886.648
568     -3876.172
569     -3884.359
570     -3882.330
571     -3884.596
572     -3878.936
573     -3881.307
574     -3876.613
575     -3883.990
576     -3882.330
577     -3883.990
578     -3886.101
579     -3875.310
580     -3892.195
581     -3880.174
582     -3884.628
583     -3888.468
584     -3877.778
585     -3874.234
586     -3884.050
587     -3876.416
588     -3875.520
589     -3877.979
590     -3884.562
591     -3880.550
592     -3881.294
593     -3884.194
594     -3877.587
595     -3874.569
596     -3873.331
597     -3880.842
598     -3875.700
599     -3877.394
600     -3883.925
601     -3877.833
602     -3880.474
603     -3878.577
604     -3877.125
605     -3877.404
606     -3879.284
607     -3884.359
608     -3872.710
609     -3884.547
610     -3881.025
611     -3881.353
612     -3883.796
613     -3874.849
614     -3891.606
615     -3875.836
616     -3883.990
617     -3879.616
618     -3880.743
619     -3874.010
620     -3883.990
621     -3877.922
622     -3879.735
623     -3872.622
624     -3874.891
625     -3882.729
626     -3873.330
627     -3873.489
628     -3876.245
629     -3877.061
630     -3881.632
631     -3884.359
632     -3883.990
633     -3883.990
634     -3884.359
635     -3883.990
636     -3882.540
637     -3875.745
638     -3881.152
639     -3879.410
640     -3882.211
641     -3877.979
642     -3884.547
643     -3883.990
644     -3885.613
645     -3884.196
646     -3880.951
647     -3880.321
648     -3873.187
649     -3878.274
650     -3883.223
651     -3880.190
652     -3883.990
653     -3874.907
654     -3882.272
655     -3884.555
656     -3883.548
657     -3881.988
658     -3883.990
659     -3874.791
660     -3883.990
661     -3879.242
662     -3880.180
663     -3877.690
664     -3878.907
665     -3877.095
666     -3877.768
667     -3878.144
668     -3881.563
669     -3876.465
670     -3883.990
671     -3877.234
672     -3877.319
673     -3884.359
674     -3871.034
675     -3884.359
676     -3875.887
677     -3879.459
678     -3883.014
679     -3876.987
680     -3883.990
681     -3878.774
682     -3883.990
683     -3875.424
684     -3877.382
685     -3886.303
686     -3886.708
687     -3883.990
688     -3880.124
689     -3878.772
690     -3870.763
691     -3883.990
692     -3883.652
693     -3879.321
694     -3873.899
695     -3883.990
696     -3871.915
697     -3885.863
698     -3883.990
699     -3878.312
700     -3883.990
701     -3874.297
702     -3881.441
703     -3884.547
704     -3882.827
705     -3883.990
706     -3880.180
707     -3881.159
708     -3881.503
709     -3882.383
710     -3884.371
711     -3883.990
712     -3880.779
713     -3873.824
714     -3879.157
715     -3881.730
716     -3883.990
717     -3889.308
718     -3874.660
719     -3884.359
720     -3894.581
721     -3880.116
722     -3883.990
723     -3883.033
724     -3884.431
725     -3878.059
726     -3875.826
727     -3884.359
728     -3877.003
729     -3883.990
730     -3879.589
731     -3880.478
732     -3883.182
733     -3878.773
734     -3878.158
735     -3883.990
736     -3884.359
737     -3883.990
738     -3883.990
739     -3878.711
740     -3885.800
741     -3883.188
742     -3876.430
743     -3883.990
744     -3883.990
745     -3883.990
746     -3883.990
747     -3869.949
748     -3883.990
749     -3883.990
750     -3870.472
751     -3875.653
752     -3881.122
753     -3883.908
754     -3887.345
755     -3881.514
756     -3874.310
757     -3876.046
758     -3875.475
759     -3879.493
760     -3876.923
761     -3872.730
762     -3884.224
763     -3878.965
764     -3880.865
765     -3884.698
766     -3876.090
767     -3873.564
768     -3883.990
769     -3883.990
770     -3883.300
771     -3884.555
772     -3883.468
773     -3883.990
774     -3880.367
775     -3886.411
776     -3874.358
777     -3881.862
778     -3877.914
779     -3883.990
780     -3885.260
781     -3883.990
782     -3876.598
783     -3875.283
784     -3883.990
785     -3879.713
786     -3883.990
787     -3878.198
788     -3878.893
789     -3878.776
790     -3883.990
791     -3879.944
792     -3874.048
793     -3884.050
794     -3881.472
795     -3883.990
796     -3878.154
797     -3891.990
798     -3873.852
799     -3883.901
800     -3883.662
801     -3878.229
802     -3883.990
803     -3880.120
804     -3881.963
805     -3874.613
806     -3883.990
807     -3879.869
808     -3875.874
809     -3878.483
810     -3877.979
811     -3878.925
812     -3875.423
813     -3872.863
814     -3876.948
815     -3884.712
816     -3880.055
817     -3880.791
818     -3881.044
819     -3877.030
820     -3883.796
821     -3876.200
822     -3876.710
823     -3883.990
824     -3880.398
825     -3881.783
826     -3883.990
827     -3876.959
828     -3875.291
829     -3878.900
830     -3882.114
831     -3881.046
832     -3883.990
833     -3883.349
834     -3883.990
835     -3880.137
836     -3875.157
837     -3876.255
838     -3878.758
839     -3879.772
840     -3877.256
841     -3877.500
842     -3884.359
843     -3876.606
844     -3876.214
845     -3883.990
846     -3879.684
847     -3875.888
848     -3886.851
849     -3884.555
850     -3880.322
851     -3883.914
852     -3880.959
853     -3883.990
854     -3884.891
855     -3875.537
856     -3883.990
857     -3879.266
858     -3883.990
859     -3877.216
860     -3883.990
861     -3879.607
862     -3874.875
863     -3878.355
864     -3879.503
865     -3874.240
866     -3872.657
867     -3877.522
868     -3872.590
869     -3883.990
870     -3879.162
871     -3887.447
872     -3878.792
873     -3884.277
874     -3889.976
875     -3886.101
876     -3886.234
877     -3886.101
878     -3878.723
879     -3881.436
880     -3886.955
881     -3883.990
882     -3876.024
883     -3878.646
884     -3878.161
885     -3876.153
886     -3883.990
887     -3884.819
888     -3878.427
889     -3874.790
890     -3872.529
891     -3886.101
892     -3883.990
893     -3876.710
894     -3883.990
895     -3877.307
896     -3881.150
897     -3873.011
898     -3877.470
899     -3881.992
900     -3882.988
901     -3883.796
902     -3874.910
903     -3882.584
904     -3883.990
905     -3884.911
906     -3888.323
907     -3879.612
908     -3875.596
909     -3884.555
910     -3882.956
911     -3880.021
912     -3877.945
913     -3881.895
914     -3883.990
915     -3886.101
916     -3881.819
917     -3877.784
918     -3876.344
919     -3878.972
920     -3887.023
921     -3886.851
922     -3873.058
923     -3874.976
924     -3881.485
925     -3873.533
926     -3883.939
927     -3881.582
928     -3877.780
929     -3880.176
930     -3884.359
931     -3885.950
932     -3877.684
933     -3884.715
934     -3877.914
935     -3878.141
936     -3876.470
937     -3876.177
938     -3877.367
939     -3877.842
940     -3874.918
941     -3875.764
942     -3883.990
943     -3883.990
944     -3886.262
945     -3884.359
946     -3883.990
947     -3878.972
948     -3876.721
949     -3873.007
950     -3883.280
951     -3889.659
952     -3880.434
953     -3882.094
954     -3878.436
955     -3874.582
956     -3883.990
957     -3876.141
958     -3882.703
959     -3883.990
960     -3883.990
961     -3883.599
962     -3877.556
963     -3879.229
964     -3877.804
965     -3881.927
966     -3886.281
967     -3882.018
968     -3879.243
969     -3874.509
970     -3876.958
971     -3879.484
972     -3883.218
973     -3875.615
974     -3874.815
975     -3883.280
976     -3879.619
977     -3878.791
978     -3878.996
979     -3881.822
980     -3878.916
981     -3878.662
982     -3881.396
983     -3877.399
984     -3879.751
985     -3871.881
986     -3884.133
987     -3875.887
988     -3876.651
989     -3878.978
990     -3877.022
991     -3874.467
992     -3878.360
993     -3886.101
994     -3873.360
995     -3878.749
996     -3881.733
997     -3880.929
998     -3882.303
999     -3879.762
1000    -3879.585

$sum_log_lik
[1] -3859.35

