
[1] "The taxa modelled are:"
 [1] "Ash"            "Beech"          "Birch"          "Chestnut"       "Elm"            "Hemlock"        "Hickory"       
 [8] "Maple"          "Oak"            "Other conifer"  "Other hardwood" "Pine"           "Poplar"         "Spruce"        
[15] "Tamarack"      

[1] "Summary of posterior parameter vals:"
                    mean          2.5%          50%        97.5%     n_eff      Rhat
phi[1]       74.37738120  54.282285000  73.13375000  96.50146000  578.2554 0.9991997
phi[2]       35.68341620  29.617277500  35.51790000  43.30077750 1000.0000 0.9995425
phi[3]      210.63651700 179.792750000 211.38150000 241.93355000  778.7108 0.9996153
phi[4]       41.61414530  31.653652500  41.27395000  53.23784500 1000.0000 0.9994332
phi[5]      149.88552800 114.471400000 149.61100000 190.91425000 1000.0000 0.9994930
phi[6]       76.21048710  63.220810000  76.32525000  88.96087750 1000.0000 1.0019298
phi[7]       54.98578590  42.800782500  54.56515000  69.17782250 1000.0000 0.9992464
phi[8]       24.61433310  18.853160000  24.39280000  31.58721500 1000.0000 0.9990782
phi[9]       54.36502280  41.881052500  54.58240000  65.04221250  229.1363 0.9990509
phi[10]      17.91281746  11.966075000  17.70520000  25.37700500 1000.0000 0.9990650
phi[11]     130.82290250 101.939100000 130.65100000 161.06632500 1000.0000 0.9995951
phi[12]     170.25601300 131.896400000 170.63850000 209.17050000  814.0886 0.9990175
phi[13]      30.39581677  16.980987500  29.52550000  49.80088250 1000.0000 1.0102986
phi[14]      30.61670320  24.438470000  30.52985000  37.67551250 1000.0000 0.9990112
phi[15]      64.54347360  35.807710000  62.33415000 103.81542500 1000.0000 1.0007654
gamma[1]      0.07253278   0.008407591   0.06708435   0.17768257  442.6262 1.0004200
gamma[2]      0.14453078   0.031685512   0.13947100   0.27905975 1000.0000 1.0016846
gamma[3]      0.18525846   0.080457917   0.18288000   0.30474162 1000.0000 0.9990331
gamma[4]      0.15830705   0.031285248   0.15336350   0.31372010  726.5916 0.9990846
gamma[5]      0.08945990   0.011649005   0.08624915   0.18158195 1000.0000 1.0005494
gamma[6]      0.16139056   0.012359803   0.15926200   0.30307320  369.3444 1.0090178
gamma[7]      0.04622706   0.005362518   0.04349755   0.10299025  346.1092 1.0035816
gamma[8]      0.10021721   0.009691774   0.09524900   0.21659290  650.1424 1.0003373
gamma[9]      0.21221998   0.016219155   0.22673250   0.34759252  116.5258 1.0013829
gamma[10]     0.19494500   0.045798840   0.18034600   0.42888692 1000.0000 1.0002369
gamma[11]     0.07392618   0.008108050   0.06803005   0.16352875 1000.0000 0.9990477
gamma[12]     0.05778402   0.027928527   0.05718210   0.09478139 1000.0000 1.0003065
gamma[13]     0.06221524   0.003892190   0.05559705   0.16027252  650.2467 0.9992118
gamma[14]     0.09831801   0.008437725   0.09037215   0.24481500 1000.0000 0.9991366
gamma[15]     0.10464717   0.009687431   0.09381510   0.27389815 1000.0000 1.0008082
mu_gamma     -1.85163992  -1.994404750  -1.89666000  -1.49482975 1000.0000 0.9998243
sigma_gamma   1.06036285   0.438873825   0.94859250   2.48538350  119.3652 1.0039420
log_a[1]     -1.76325576  -3.157503750  -1.75960000  -0.29113798  391.5067 0.9990005
log_a[2]     -2.39742526  -3.620821250  -2.42782000  -1.06553375  448.0181 1.0005357
log_a[3]     -2.23497770  -3.251365500  -2.24479500  -1.08853800  369.8365 0.9991533
log_a[4]     -3.31546386  -4.839677750  -3.40900000  -1.33047075  389.6099 1.0003545
log_a[5]     -1.53715348  -3.309707250  -1.50838500  -0.15525630  598.9339 0.9992114
log_a[6]     -3.62113197  -4.885076250  -3.64889500  -2.24096425  398.5600 1.0112485
log_a[7]     -3.13563231  -4.288937750  -3.15629500  -1.83226550 1000.0000 0.9990102
log_a[8]     -1.86101242  -3.554523750  -1.87084500  -0.27259992  768.1536 0.9990499
log_a[9]     -4.16073603  -5.706447500  -4.10649500  -2.51969550  212.1641 0.9990225
log_a[10]    -1.99633921  -3.995496500  -2.00634500  -0.22963845  476.7925 1.0101546
log_a[11]    -0.55315998  -1.636538000  -0.45401450  -0.02813566 1000.0000 1.0004505
log_a[12]    -0.68160897  -1.880879500  -0.60172600  -0.02396361 1000.0000 1.0011245
log_a[13]    -2.67808652  -4.534477250  -2.69604000  -0.60263850 1000.0000 0.9997175
log_a[14]    -3.50909133  -4.841400750  -3.51523500  -2.16631550 1000.0000 0.9994506
log_a[15]    -2.87319802  -4.713279250  -2.91235500  -0.94003935 1000.0000 0.9997874
b             2.09531884   2.003044750   2.06022000   2.35288150  615.9420 1.0026267
mu_a         -2.43000565  -3.325380000  -2.44900500  -1.52615675  405.7375 0.9992169
sigma_a       1.35520258   0.782324225   1.30959500   2.21444925  422.9794 1.0017442

[1] "WAIC:"
$waic
[1] 6690.972

$p_waic
[1] 42.1159

$lppd
[1] -3303.37

$p_waic_1
[1] 39.63138

[1] "AIC:"
[1] 6706.74

[1] "Log likelihood"
$log_lik
     log_lik
1  -34.34093
2  -39.66274
3  -33.33252
4  -47.09508
5  -41.96819
6  -41.64067
7  -40.68301
8  -49.82531
9  -41.36465
10 -39.63780
11 -55.05012
12 -42.52261
13 -42.25643
14 -38.90315
15 -47.58775
16 -51.37910
17 -46.00027
18 -34.73850
19 -44.57165
20 -42.98467
21 -34.99210
22 -47.38678
23 -46.76766
24 -45.07937
25 -42.89628
26 -36.90524
27 -33.77278
28 -43.58087
29 -38.81741
30 -34.40022
31 -44.92789
32 -34.12908
33 -30.09336
34 -41.98993
35 -49.73603
36 -39.70033
37 -42.83700
38 -37.42497
39 -38.10903
40 -32.32664
41 -42.69772
42 -38.14747
43 -39.81640
44 -48.45185
45 -54.24302
46 -36.41530
47 -38.15432
48 -34.35257
49 -37.73309
50 -43.25281
51 -49.81250
52 -48.88119
53 -50.47126
54 -49.39248
55 -49.96314
56 -39.34223
57 -37.70004
58 -31.87097
59 -43.17902
60 -40.81994
61 -45.10432
62 -33.22101
63 -39.77846
64 -45.33184
65 -41.37342
66 -35.78135
67 -45.37559
68 -42.53912
69 -45.81478
70 -28.30024
71 -45.45662
72 -56.90623
73 -47.54659
74 -33.55393
75 -42.71650
76 -41.55386
77 -36.84543
78 -43.89827
79 -46.15705

$log_lik_iter
     log_lik_iter
1       -3324.111
2       -3323.679
3       -3329.269
4       -3335.715
5       -3326.224
6       -3318.738
7       -3325.614
8       -3323.848
9       -3324.669
10      -3326.555
11      -3327.007
12      -3317.076
13      -3323.955
14      -3316.522
15      -3323.282
16      -3330.466
17      -3324.833
18      -3330.672
19      -3328.775
20      -3315.501
21      -3328.103
22      -3321.033
23      -3327.827
24      -3319.777
25      -3324.675
26      -3321.273
27      -3322.522
28      -3321.756
29      -3321.051
30      -3326.428
31      -3317.682
32      -3321.820
33      -3329.075
34      -3314.584
35      -3322.290
36      -3320.341
37      -3327.636
38      -3322.747
39      -3318.257
40      -3316.916
41      -3323.827
42      -3319.353
43      -3322.939
44      -3326.350
45      -3318.715
46      -3326.671
47      -3328.131
48      -3320.714
49      -3332.076
50      -3330.879
51      -3340.188
52      -3327.187
53      -3318.322
54      -3320.395
55      -3314.103
56      -3324.163
57      -3326.490
58      -3324.392
59      -3323.880
60      -3328.602
61      -3320.970
62      -3325.298
63      -3321.465
64      -3320.673
65      -3317.585
66      -3325.967
67      -3323.863
68      -3317.423
69      -3320.662
70      -3325.248
71      -3319.373
72      -3322.115
73      -3320.841
74      -3331.640
75      -3316.911
76      -3324.226
77      -3322.147
78      -3321.448
79      -3324.251
80      -3321.365
81      -3316.899
82      -3329.109
83      -3324.829
84      -3335.246
85      -3321.519
86      -3323.116
87      -3322.512
88      -3334.337
89      -3323.940
90      -3328.786
91      -3322.683
92      -3323.117
93      -3322.055
94      -3318.122
95      -3331.826
96      -3324.374
97      -3317.553
98      -3325.186
99      -3323.306
100     -3322.295
101     -3327.139
102     -3327.280
103     -3322.312
104     -3318.270
105     -3321.675
106     -3323.097
107     -3330.957
108     -3316.797
109     -3326.329
110     -3331.351
111     -3322.012
112     -3324.011
113     -3327.855
114     -3318.554
115     -3327.072
116     -3326.475
117     -3318.741
118     -3323.707
119     -3327.573
120     -3322.114
121     -3328.948
122     -3324.125
123     -3324.379
124     -3330.652
125     -3327.168
126     -3322.493
127     -3328.993
128     -3318.434
129     -3315.758
130     -3328.586
131     -3327.922
132     -3325.485
133     -3319.966
134     -3324.065
135     -3319.790
136     -3317.729
137     -3324.799
138     -3321.970
139     -3318.024
140     -3321.460
141     -3320.743
142     -3320.819
143     -3318.804
144     -3317.784
145     -3322.900
146     -3319.179
147     -3326.164
148     -3315.534
149     -3320.868
150     -3316.612
151     -3321.248
152     -3322.427
153     -3326.505
154     -3326.228
155     -3326.132
156     -3324.138
157     -3320.251
158     -3324.563
159     -3326.457
160     -3329.227
161     -3324.572
162     -3323.447
163     -3322.361
164     -3323.530
165     -3330.263
166     -3315.722
167     -3324.632
168     -3317.553
169     -3326.485
170     -3321.644
171     -3328.526
172     -3319.097
173     -3324.825
174     -3321.830
175     -3324.711
176     -3324.282
177     -3330.711
178     -3319.274
179     -3322.309
180     -3324.841
181     -3321.163
182     -3328.148
183     -3321.789
184     -3320.166
185     -3326.994
186     -3318.672
187     -3316.882
188     -3319.159
189     -3326.619
190     -3328.423
191     -3318.823
192     -3323.178
193     -3321.157
194     -3317.384
195     -3331.785
196     -3320.153
197     -3325.604
198     -3324.437
199     -3324.149
200     -3322.672
201     -3318.961
202     -3314.169
203     -3321.916
204     -3333.042
205     -3315.340
206     -3319.189
207     -3327.562
208     -3321.457
209     -3324.107
210     -3320.959
211     -3314.461
212     -3326.648
213     -3318.401
214     -3329.282
215     -3328.854
216     -3324.965
217     -3323.735
218     -3327.981
219     -3321.449
220     -3329.004
221     -3323.976
222     -3320.111
223     -3323.112
224     -3322.115
225     -3322.249
226     -3319.919
227     -3319.946
228     -3317.934
229     -3321.442
230     -3318.736
231     -3323.304
232     -3313.210
233     -3327.286
234     -3320.755
235     -3331.739
236     -3316.860
237     -3321.533
238     -3319.794
239     -3322.042
240     -3326.325
241     -3318.093
242     -3319.597
243     -3321.044
244     -3322.646
245     -3321.166
246     -3319.329
247     -3326.851
248     -3322.244
249     -3321.899
250     -3325.751
251     -3318.475
252     -3319.011
253     -3319.159
254     -3328.466
255     -3318.033
256     -3322.240
257     -3324.126
258     -3325.934
259     -3323.223
260     -3323.055
261     -3327.869
262     -3325.586
263     -3322.573
264     -3327.669
265     -3319.137
266     -3320.791
267     -3326.544
268     -3335.506
269     -3319.302
270     -3321.973
271     -3322.654
272     -3323.806
273     -3320.210
274     -3325.646
275     -3321.394
276     -3318.840
277     -3321.990
278     -3322.589
279     -3321.043
280     -3321.808
281     -3324.934
282     -3315.433
283     -3318.157
284     -3330.980
285     -3324.534
286     -3321.262
287     -3315.483
288     -3318.801
289     -3318.681
290     -3325.957
291     -3322.762
292     -3325.212
293     -3324.649
294     -3333.238
295     -3321.879
296     -3320.973
297     -3325.453
298     -3317.742
299     -3325.313
300     -3315.581
301     -3331.139
302     -3328.903
303     -3321.498
304     -3318.595
305     -3316.479
306     -3323.823
307     -3324.275
308     -3315.670
309     -3317.000
310     -3320.865
311     -3326.198
312     -3323.802
313     -3322.798
314     -3320.225
315     -3316.183
316     -3323.441
317     -3333.432
318     -3330.274
319     -3313.398
320     -3331.098
321     -3327.164
322     -3315.435
323     -3319.882
324     -3320.771
325     -3325.963
326     -3332.249
327     -3331.500
328     -3328.797
329     -3329.386
330     -3323.799
331     -3323.188
332     -3318.103
333     -3331.200
334     -3329.440
335     -3324.432
336     -3322.329
337     -3322.985
338     -3322.906
339     -3322.477
340     -3320.938
341     -3323.488
342     -3323.023
343     -3322.218
344     -3326.136
345     -3325.732
346     -3330.273
347     -3321.371
348     -3316.858
349     -3325.045
350     -3329.006
351     -3329.546
352     -3323.657
353     -3324.812
354     -3325.260
355     -3330.383
356     -3330.233
357     -3328.992
358     -3328.847
359     -3327.643
360     -3320.744
361     -3328.960
362     -3324.779
363     -3323.161
364     -3325.278
365     -3331.712
366     -3323.905
367     -3324.825
368     -3329.101
369     -3324.624
370     -3323.925
371     -3326.185
372     -3326.442
373     -3315.267
374     -3321.735
375     -3322.638
376     -3318.829
377     -3326.044
378     -3326.015
379     -3329.256
380     -3330.473
381     -3320.661
382     -3329.788
383     -3323.982
384     -3317.436
385     -3320.671
386     -3324.238
387     -3329.383
388     -3319.216
389     -3322.318
390     -3319.741
391     -3329.207
392     -3315.567
393     -3323.579
394     -3328.102
395     -3327.168
396     -3319.916
397     -3319.765
398     -3320.687
399     -3316.996
400     -3324.326
401     -3314.698
402     -3323.632
403     -3324.270
404     -3316.022
405     -3325.885
406     -3325.427
407     -3324.894
408     -3321.088
409     -3317.897
410     -3324.156
411     -3328.430
412     -3324.797
413     -3316.267
414     -3322.844
415     -3322.364
416     -3324.245
417     -3328.577
418     -3324.431
419     -3317.484
420     -3324.507
421     -3330.693
422     -3337.658
423     -3324.563
424     -3317.961
425     -3323.047
426     -3321.107
427     -3324.318
428     -3329.170
429     -3330.362
430     -3325.887
431     -3319.842
432     -3325.189
433     -3318.732
434     -3324.945
435     -3322.368
436     -3321.611
437     -3325.927
438     -3322.802
439     -3322.597
440     -3322.934
441     -3322.560
442     -3315.156
443     -3329.452
444     -3321.600
445     -3315.517
446     -3318.883
447     -3314.909
448     -3316.760
449     -3324.766
450     -3313.493
451     -3324.493
452     -3317.479
453     -3331.207
454     -3316.732
455     -3327.332
456     -3324.894
457     -3339.367
458     -3322.304
459     -3324.888
460     -3320.605
461     -3316.437
462     -3319.291
463     -3327.077
464     -3320.953
465     -3322.857
466     -3320.979
467     -3325.417
468     -3320.425
469     -3326.167
470     -3329.210
471     -3326.179
472     -3326.927
473     -3320.705
474     -3322.122
475     -3318.643
476     -3327.289
477     -3323.401
478     -3327.637
479     -3334.411
480     -3321.258
481     -3325.890
482     -3320.114
483     -3324.320
484     -3332.611
485     -3318.498
486     -3324.575
487     -3337.049
488     -3320.689
489     -3324.915
490     -3321.147
491     -3315.815
492     -3323.920
493     -3322.687
494     -3316.319
495     -3323.741
496     -3321.186
497     -3326.801
498     -3318.910
499     -3322.805
500     -3325.624
501     -3317.622
502     -3331.857
503     -3321.153
504     -3329.216
505     -3322.817
506     -3315.410
507     -3325.029
508     -3327.866
509     -3325.024
510     -3323.382
511     -3333.491
512     -3325.689
513     -3318.804
514     -3324.637
515     -3316.558
516     -3322.607
517     -3316.168
518     -3324.666
519     -3314.802
520     -3334.798
521     -3322.645
522     -3313.435
523     -3325.767
524     -3320.414
525     -3321.137
526     -3325.044
527     -3329.009
528     -3325.639
529     -3319.900
530     -3321.260
531     -3322.477
532     -3320.633
533     -3316.333
534     -3318.655
535     -3332.397
536     -3334.571
537     -3323.578
538     -3331.160
539     -3316.941
540     -3316.155
541     -3323.634
542     -3324.170
543     -3324.318
544     -3324.195
545     -3323.595
546     -3324.072
547     -3333.443
548     -3325.258
549     -3327.423
550     -3325.818
551     -3320.998
552     -3322.585
553     -3316.539
554     -3327.335
555     -3322.025
556     -3328.889
557     -3324.386
558     -3323.073
559     -3322.552
560     -3319.122
561     -3327.558
562     -3321.495
563     -3330.155
564     -3317.881
565     -3321.209
566     -3323.367
567     -3325.479
568     -3321.878
569     -3327.999
570     -3331.505
571     -3319.021
572     -3321.261
573     -3322.821
574     -3319.305
575     -3321.282
576     -3323.224
577     -3318.140
578     -3319.684
579     -3318.122
580     -3324.616
581     -3322.835
582     -3324.172
583     -3321.374
584     -3316.865
585     -3327.088
586     -3320.958
587     -3318.185
588     -3319.429
589     -3316.782
590     -3324.747
591     -3314.191
592     -3324.881
593     -3327.705
594     -3327.180
595     -3322.702
596     -3326.541
597     -3320.945
598     -3321.600
599     -3321.877
600     -3324.058
601     -3324.403
602     -3324.919
603     -3315.489
604     -3323.093
605     -3332.522
606     -3330.200
607     -3320.231
608     -3326.287
609     -3320.778
610     -3325.466
611     -3319.400
612     -3328.169
613     -3324.048
614     -3324.844
615     -3328.538
616     -3334.009
617     -3323.436
618     -3322.129
619     -3324.899
620     -3326.157
621     -3323.426
622     -3321.902
623     -3330.581
624     -3326.934
625     -3327.233
626     -3318.570
627     -3322.479
628     -3322.420
629     -3337.302
630     -3321.199
631     -3319.880
632     -3326.385
633     -3317.243
634     -3325.233
635     -3325.962
636     -3319.828
637     -3316.469
638     -3318.029
639     -3328.217
640     -3321.442
641     -3329.131
642     -3324.422
643     -3322.121
644     -3326.734
645     -3316.497
646     -3319.027
647     -3323.403
648     -3333.242
649     -3326.343
650     -3316.570
651     -3318.251
652     -3317.319
653     -3321.148
654     -3322.740
655     -3321.095
656     -3326.857
657     -3323.455
658     -3329.329
659     -3323.633
660     -3314.550
661     -3327.189
662     -3322.995
663     -3315.876
664     -3319.057
665     -3320.834
666     -3319.646
667     -3320.849
668     -3325.694
669     -3324.566
670     -3319.599
671     -3319.300
672     -3330.542
673     -3328.184
674     -3320.171
675     -3324.497
676     -3329.587
677     -3326.692
678     -3320.042
679     -3317.610
680     -3318.691
681     -3322.273
682     -3324.329
683     -3327.984
684     -3325.043
685     -3321.804
686     -3317.673
687     -3321.028
688     -3329.345
689     -3316.789
690     -3325.000
691     -3321.437
692     -3319.204
693     -3334.570
694     -3322.933
695     -3317.009
696     -3320.499
697     -3320.911
698     -3324.199
699     -3321.081
700     -3326.546
701     -3321.609
702     -3325.106
703     -3324.119
704     -3318.997
705     -3332.217
706     -3324.746
707     -3328.774
708     -3318.382
709     -3321.543
710     -3319.979
711     -3331.431
712     -3315.710
713     -3326.852
714     -3318.115
715     -3326.237
716     -3321.323
717     -3326.444
718     -3318.348
719     -3324.605
720     -3325.025
721     -3333.820
722     -3316.149
723     -3316.010
724     -3319.552
725     -3321.458
726     -3317.764
727     -3322.534
728     -3329.401
729     -3325.211
730     -3316.815
731     -3323.106
732     -3320.736
733     -3330.719
734     -3325.579
735     -3324.177
736     -3326.994
737     -3315.912
738     -3314.438
739     -3321.325
740     -3316.761
741     -3326.200
742     -3337.108
743     -3327.340
744     -3324.490
745     -3328.641
746     -3326.684
747     -3323.465
748     -3331.530
749     -3319.637
750     -3325.201
751     -3319.003
752     -3330.638
753     -3330.778
754     -3319.167
755     -3317.245
756     -3337.322
757     -3324.181
758     -3316.622
759     -3321.256
760     -3330.364
761     -3318.124
762     -3318.685
763     -3329.132
764     -3322.583
765     -3314.025
766     -3327.569
767     -3324.230
768     -3331.808
769     -3315.795
770     -3328.306
771     -3322.770
772     -3322.456
773     -3324.043
774     -3316.125
775     -3326.277
776     -3325.116
777     -3325.191
778     -3325.222
779     -3318.867
780     -3333.945
781     -3315.881
782     -3321.398
783     -3325.452
784     -3314.471
785     -3319.506
786     -3323.576
787     -3332.767
788     -3329.375
789     -3318.931
790     -3318.968
791     -3321.076
792     -3314.952
793     -3324.132
794     -3323.852
795     -3320.173
796     -3322.956
797     -3318.695
798     -3318.671
799     -3323.341
800     -3324.380
801     -3319.584
802     -3323.256
803     -3328.661
804     -3322.180
805     -3329.693
806     -3324.305
807     -3325.895
808     -3324.858
809     -3333.673
810     -3319.248
811     -3320.948
812     -3324.550
813     -3328.007
814     -3323.321
815     -3324.061
816     -3324.303
817     -3323.610
818     -3322.075
819     -3322.505
820     -3338.874
821     -3320.477
822     -3327.627
823     -3324.916
824     -3325.749
825     -3327.873
826     -3328.476
827     -3323.213
828     -3320.734
829     -3320.407
830     -3312.068
831     -3317.639
832     -3321.466
833     -3315.086
834     -3321.833
835     -3313.689
836     -3315.160
837     -3320.613
838     -3320.180
839     -3332.281
840     -3323.489
841     -3324.712
842     -3322.778
843     -3330.916
844     -3323.775
845     -3328.845
846     -3321.325
847     -3317.214
848     -3320.488
849     -3318.717
850     -3310.448
851     -3318.998
852     -3323.549
853     -3310.503
854     -3321.080
855     -3321.887
856     -3321.256
857     -3324.315
858     -3331.078
859     -3319.536
860     -3318.773
861     -3322.498
862     -3322.631
863     -3317.863
864     -3331.693
865     -3324.711
866     -3326.971
867     -3321.542
868     -3322.986
869     -3322.637
870     -3318.708
871     -3333.977
872     -3323.092
873     -3324.639
874     -3323.340
875     -3314.251
876     -3315.638
877     -3328.294
878     -3318.856
879     -3330.831
880     -3321.027
881     -3316.432
882     -3323.542
883     -3318.960
884     -3314.164
885     -3318.856
886     -3315.775
887     -3327.761
888     -3324.424
889     -3321.604
890     -3330.207
891     -3319.871
892     -3326.085
893     -3324.485
894     -3319.959
895     -3316.381
896     -3315.573
897     -3318.075
898     -3321.062
899     -3325.673
900     -3326.507
901     -3322.518
902     -3326.231
903     -3324.781
904     -3322.026
905     -3320.424
906     -3319.979
907     -3320.753
908     -3327.686
909     -3320.329
910     -3316.993
911     -3321.827
912     -3321.446
913     -3321.711
914     -3320.440
915     -3324.172
916     -3319.764
917     -3319.124
918     -3325.585
919     -3325.880
920     -3318.119
921     -3326.320
922     -3327.483
923     -3326.778
924     -3320.276
925     -3321.384
926     -3320.341
927     -3330.164
928     -3326.320
929     -3322.724
930     -3320.016
931     -3324.400
932     -3317.394
933     -3319.742
934     -3316.122
935     -3322.029
936     -3317.985
937     -3322.115
938     -3319.567
939     -3319.212
940     -3321.788
941     -3326.581
942     -3323.582
943     -3329.234
944     -3317.980
945     -3326.347
946     -3315.598
947     -3322.770
948     -3322.034
949     -3315.201
950     -3330.356
951     -3326.006
952     -3320.195
953     -3329.416
954     -3324.292
955     -3314.674
956     -3329.412
957     -3321.699
958     -3323.987
959     -3327.203
960     -3320.667
961     -3324.926
962     -3314.744
963     -3323.910
964     -3327.407
965     -3321.645
966     -3317.372
967     -3322.047
968     -3317.431
969     -3323.415
970     -3319.004
971     -3326.186
972     -3321.802
973     -3327.080
974     -3327.976
975     -3314.058
976     -3333.578
977     -3319.090
978     -3325.496
979     -3320.927
980     -3318.970
981     -3328.223
982     -3313.834
983     -3320.899
984     -3321.948
985     -3319.320
986     -3322.605
987     -3330.630
988     -3319.740
989     -3322.576
990     -3318.663
991     -3319.750
992     -3327.621
993     -3323.933
994     -3325.039
995     -3321.847
996     -3320.007
997     -3330.687
998     -3320.372
999     -3323.098
1000    -3320.483

$sum_log_lik
[1] -3303.37

