
[1] "The taxa modelled are:"
 [1] "Ash"            "Beech"          "Birch"          "Chestnut"       "Elm"            "Hemlock"        "Hickory"       
 [8] "Maple"          "Oak"            "Other conifer"  "Other hardwood" "Pine"           "Poplar"         "Spruce"        
[15] "Tamarack"      

[1] "Summary of posterior parameter vals:"
                    mean          2.5%          50%         97.5%     n_eff      Rhat
phi[1]       84.13741400  58.706857500  82.97620000 110.487275000 100.60422 0.9978191
phi[2]       38.30869250  31.299390000  38.00085000  47.185862500 123.79533 0.9951452
phi[3]      223.34293500 184.405850000 221.39000000 266.803450000 132.95259 0.9951042
phi[4]       43.51944400  33.640035000  42.53450000  56.716520000 200.00000 1.0098386
phi[5]      163.69070000 125.326225000 162.68750000 213.947450000 200.00000 0.9964690
phi[6]       79.57170450  65.578777500  79.59855000  94.004602500 130.44544 0.9965941
phi[7]       56.64576950  46.207185000  56.19595000  70.287887500 200.00000 0.9959590
phi[8]       26.83304650  19.195997500  26.42645000  34.655322500 200.00000 0.9987857
phi[9]       56.84827400  46.330622500  56.90855000  67.708155000 108.46685 0.9951949
phi[10]      19.04598550  12.650385000  18.68985000  27.010947500 200.00000 0.9951238
phi[11]     148.83289000 121.003875000 149.71350000 180.514750000 200.00000 0.9972244
phi[12]     201.29829500 158.302625000 199.72050000 254.097625000 141.26289 0.9999508
phi[13]      33.35510150  16.466277500  31.39495000  64.419107500  67.62709 1.0056522
phi[14]      32.13601500  24.753437500  32.06005000  39.861455000 200.00000 0.9979400
phi[15]      69.86932450  32.910735000  67.07655000 120.753675000 200.00000 0.9950790
gamma[1]      0.06956309   0.006293185   0.05754915   0.178709675 200.00000 0.9983800
gamma[2]      0.13789314   0.018908740   0.13501700   0.259663875 200.00000 0.9949966
gamma[3]      0.18990893   0.090742360   0.18587050   0.291992500 200.00000 0.9975200
gamma[4]      0.15180091   0.032025082   0.14374250   0.303601300 200.00000 1.0003009
gamma[5]      0.07820670   0.004828624   0.07603705   0.176200075 200.00000 1.0099678
gamma[6]      0.16445819   0.036204235   0.16683100   0.294281325 200.00000 0.9960271
gamma[7]      0.04188005   0.003856622   0.03626105   0.105403800 200.00000 0.9959481
gamma[8]      0.09942498   0.016559678   0.09469760   0.226911250 200.00000 0.9974836
gamma[9]      0.23388015   0.090917715   0.24007800   0.348558300 115.21350 0.9955530
gamma[10]     0.20361241   0.056191068   0.18191900   0.449057850 200.00000 0.9950491
gamma[11]     0.05916691   0.005408424   0.05345630   0.146733675 121.32195 0.9975927
gamma[12]     0.04926574   0.022615743   0.04888425   0.076528488 200.00000 0.9952604
gamma[13]     0.05544604   0.001890074   0.04467970   0.175266100 128.79037 1.0099856
gamma[14]     0.09493094   0.007374800   0.08004745   0.234155775 200.00000 0.9956406
gamma[15]     0.10282976   0.007704891   0.08545015   0.307155625 188.95742 1.0014373
mu_gamma     -1.84614450  -1.997523000  -1.89463000  -1.410161250 200.00000 0.9968160
sigma_gamma   1.16413776   0.540674175   1.00762500   2.749008250  44.42582 1.0190074
log_a[1]     -1.52741380  -3.060463250  -1.43785000  -0.306721525  94.53209 1.0012668
log_a[2]     -2.26926643  -3.778427250  -2.32317000  -0.719127825 127.16289 0.9991569
log_a[3]     -2.21242627  -3.296818000  -2.22762000  -0.811727850  63.62115 0.9970504
log_a[4]     -3.25771958  -5.045125750  -3.30764500  -0.982389200 117.79547 0.9986983
log_a[5]     -1.48950057  -3.143543000  -1.47801000  -0.204050725  82.78175 0.9949891
log_a[6]     -3.50527495  -4.769132250  -3.50921000  -2.387088750 176.85482 0.9995243
log_a[7]     -3.24732210  -4.484985000  -3.23260000  -2.138452000 200.00000 0.9954719
log_a[8]     -1.73020112  -3.382851000  -1.68093000  -0.192520575 200.00000 1.0087637
log_a[9]     -3.97779210  -5.445249250  -3.84703000  -2.505946750 119.12699 0.9952292
log_a[10]    -1.91149652  -3.542427000  -2.02517500  -0.162169125  67.09418 1.0156285
log_a[11]    -0.48467512  -1.666055750  -0.37653750  -0.003870897 200.00000 1.0074556
log_a[12]    -0.52749643  -1.393859750  -0.46517350  -0.005050644 141.21293 1.0265468
log_a[13]    -2.49027356  -4.543123500  -2.53882000  -0.285651525  82.56439 1.0008453
log_a[14]    -3.55219575  -4.714303250  -3.59107000  -2.246608250 200.00000 0.9951247
log_a[15]    -2.87039234  -4.776692000  -2.87241500  -1.078480950 200.00000 0.9949922
b             2.12591515   2.007383250   2.09035000   2.383460500  91.07176 1.0010086
mu_a         -2.34153040  -3.317655000  -2.33191000  -1.416773500 139.13540 1.0033126
sigma_a       1.37314464   0.807756425   1.32942000   2.109513000 116.00595 0.9998266

[1] "WAIC:"
$waic
[1] 6686.856

$p_waic
[1] 43.91134

$lppd
[1] -3299.517

$p_waic_1
[1] 40.52215

[1] "AIC:"
[1] 6699.034

[1] "Log likelihood"
$log_lik
     log_lik
1  -34.02487
2  -39.24147
3  -33.30861
4  -46.13807
5  -42.10041
6  -41.62252
7  -40.55517
8  -49.74307
9  -41.39125
10 -39.47686
11 -55.07718
12 -42.37374
13 -42.18198
14 -38.83464
15 -47.56783
16 -51.06141
17 -46.02999
18 -34.72460
19 -44.72766
20 -43.34073
21 -34.93721
22 -47.22782
23 -46.67094
24 -45.23193
25 -42.84572
26 -36.72456
27 -33.71529
28 -43.69417
29 -38.84546
30 -34.25931
31 -44.75728
32 -34.05176
33 -30.00993
34 -42.63751
35 -49.42530
36 -39.48892
37 -42.76851
38 -37.46242
39 -38.14566
40 -32.46277
41 -42.74966
42 -37.93971
43 -39.83450
44 -48.62616
45 -54.15439
46 -36.44800
47 -38.03898
48 -34.49045
49 -37.59132
50 -43.30727
51 -49.35576
52 -48.79172
53 -50.51846
54 -49.33795
55 -50.06322
56 -39.00043
57 -37.55628
58 -31.94616
59 -43.09527
60 -40.80439
61 -45.11343
62 -33.11422
63 -39.69602
64 -45.62643
65 -41.34361
66 -35.73494
67 -45.53727
68 -42.36342
69 -45.77703
70 -28.29165
71 -45.46024
72 -56.87676
73 -47.53848
74 -33.39791
75 -42.56887
76 -41.62393
77 -36.90051
78 -43.85743
79 -46.16008

$log_lik_iter
    log_lik_iter
1      -3320.553
2      -3319.551
3      -3311.201
4      -3311.134
5      -3327.336
6      -3316.433
7      -3314.966
8      -3319.548
9      -3322.203
10     -3311.057
11     -3312.399
12     -3321.530
13     -3317.466
14     -3310.669
15     -3314.911
16     -3316.810
17     -3322.173
18     -3322.525
19     -3318.470
20     -3317.841
21     -3320.822
22     -3325.616
23     -3324.920
24     -3328.863
25     -3326.227
26     -3314.547
27     -3320.582
28     -3316.113
29     -3325.164
30     -3319.168
31     -3319.165
32     -3311.381
33     -3322.062
34     -3322.256
35     -3321.566
36     -3323.538
37     -3322.036
38     -3320.975
39     -3314.482
40     -3316.697
41     -3323.623
42     -3328.876
43     -3313.991
44     -3327.165
45     -3325.355
46     -3312.989
47     -3321.688
48     -3311.368
49     -3321.971
50     -3327.595
51     -3326.573
52     -3328.621
53     -3324.043
54     -3320.274
55     -3319.168
56     -3327.869
57     -3318.752
58     -3321.271
59     -3311.747
60     -3323.280
61     -3315.730
62     -3315.138
63     -3319.146
64     -3319.045
65     -3324.382
66     -3319.654
67     -3313.844
68     -3325.173
69     -3321.162
70     -3320.089
71     -3313.959
72     -3317.522
73     -3315.844
74     -3320.109
75     -3313.157
76     -3320.078
77     -3318.644
78     -3313.868
79     -3326.322
80     -3322.716
81     -3324.081
82     -3316.935
83     -3316.838
84     -3318.844
85     -3325.866
86     -3327.457
87     -3321.981
88     -3319.045
89     -3324.372
90     -3317.632
91     -3320.783
92     -3320.750
93     -3322.724
94     -3313.595
95     -3320.078
96     -3323.497
97     -3317.351
98     -3314.154
99     -3323.093
100    -3315.950
101    -3315.610
102    -3307.784
103    -3319.350
104    -3318.768
105    -3309.535
106    -3325.442
107    -3321.649
108    -3321.901
109    -3328.409
110    -3326.711
111    -3322.474
112    -3320.610
113    -3324.756
114    -3314.990
115    -3321.064
116    -3320.725
117    -3319.413
118    -3324.445
119    -3316.784
120    -3323.615
121    -3321.229
122    -3322.787
123    -3316.339
124    -3326.153
125    -3321.687
126    -3324.073
127    -3328.772
128    -3318.712
129    -3325.342
130    -3314.670
131    -3317.918
132    -3319.990
133    -3325.347
134    -3319.664
135    -3328.838
136    -3315.615
137    -3322.488
138    -3316.765
139    -3310.126
140    -3324.970
141    -3320.146
142    -3319.878
143    -3312.174
144    -3318.291
145    -3317.082
146    -3322.413
147    -3323.298
148    -3314.767
149    -3315.571
150    -3320.251
151    -3322.056
152    -3327.056
153    -3314.657
154    -3325.091
155    -3323.820
156    -3318.247
157    -3312.796
158    -3315.191
159    -3322.151
160    -3320.403
161    -3327.145
162    -3314.503
163    -3325.158
164    -3310.685
165    -3317.457
166    -3313.774
167    -3317.786
168    -3317.485
169    -3315.627
170    -3321.445
171    -3317.148
172    -3322.432
173    -3319.558
174    -3319.373
175    -3324.085
176    -3318.778
177    -3323.050
178    -3314.102
179    -3320.618
180    -3319.447
181    -3322.322
182    -3321.259
183    -3321.737
184    -3318.822
185    -3317.675
186    -3320.086
187    -3306.838
188    -3314.909
189    -3312.413
190    -3321.654
191    -3320.821
192    -3317.831
193    -3330.184
194    -3322.376
195    -3317.652
196    -3327.479
197    -3319.726
198    -3312.658
199    -3324.551
200    -3312.293

$sum_log_lik
[1] -3299.517

